# sigma8 ygk_Ahmc ygk_LOWZ__0_lM1_0 ygk_LOWZ__0_lMmin_0 ygk_mass_bias ygk_rhogy
2.661726907143640262e-04 -4.150885854522205205e-06 -2.733335086207057266e-04 -1.334415399413078494e-04 -1.490576582654267791e-04 -3.888451193455550532e-04
-4.150885854522205205e-06 9.754482129769250116e-04 -4.837819038276965695e-06 -9.195257163205968354e-05 1.734767894138602393e-05 -5.234312062725129423e-05
-2.733335086207057266e-04 -4.837819038276965695e-06 6.892763894165723987e-04 3.684476119094568522e-04 1.387208653910988959e-04 4.909410266600170228e-04
-1.334415399413078494e-04 -9.195257163205968354e-05 3.684476119094568522e-04 3.058982463498704932e-04 1.500210938317879264e-04 4.526041877435904820e-04
-1.490576582654267791e-04 1.734767894138602393e-05 1.387208653910988959e-04 1.500210938317879264e-04 5.108552700152128260e-04 1.767302053575934759e-04
-3.888451193455550532e-04 -5.234312062725129423e-05 4.909410266600170228e-04 4.526041877435904820e-04 1.767302053575934759e-04 1.933674011901941481e-03
