# sigma8 ygk_Ahmcgg ygk_Ahmcgm ygk_Ahmcgy ygk_LOWZ__5_lM1_0 ygk_LOWZ__5_lMmin_0 ygk_mass_bias ygk_rhogy
1.024343065927478010e-04 -6.054297380661948646e-05 3.339088976696068896e-04 -1.763550566718593453e-04 -3.500473413137755294e-06 -7.309561342628462558e-05 -2.012840878157925941e-04 -8.917866535323411617e-05
-6.054297380661948646e-05 3.508825488725501179e-03 -1.399271846232270564e-04 9.765071100647985773e-04 -5.540360459072075898e-06 -2.366642352740357504e-04 6.959155037036732748e-05 1.618844288905865899e-04
3.339088976696068896e-04 -1.399271846232270564e-04 6.137216152673530094e-03 7.369462312568376148e-04 4.750334823834370993e-04 5.543091599261297341e-05 -3.086538179453742880e-04 -9.410100433381177534e-04
-1.763550566718593453e-04 9.765071100647985773e-04 7.369462312568376148e-04 9.745017488237606509e-03 2.910575847007388370e-04 2.034859739228721937e-04 5.461727973912498596e-04 -7.029197339979154904e-04
-3.500473413137755294e-06 -5.540360459072075898e-06 4.750334823834370993e-04 2.910575847007388370e-04 8.161334550523341664e-04 5.457990302777826919e-04 6.676748886712769381e-05 -5.124593397349529866e-05
-7.309561342628462558e-05 -2.366642352740357504e-04 5.543091599261297341e-05 2.034859739228721937e-04 5.457990302777826919e-04 4.689592839815750385e-04 1.766952377551949955e-04 4.156137065016231346e-05
-2.012840878157925941e-04 6.959155037036732748e-05 -3.086538179453742880e-04 5.461727973912498596e-04 6.676748886712769381e-05 1.766952377551949955e-04 8.833438561478715399e-04 -3.700945876637737201e-04
-8.917866535323411617e-05 1.618844288905865899e-04 -9.410100433381177534e-04 -7.029197339979154904e-04 -5.124593397349529866e-05 4.156137065016231346e-05 -3.700945876637737201e-04 1.101356322331217222e-03
