# sigma8 ygk_Ahmc ygk_LOWZ__2_lM1_0 ygk_LOWZ__2_lMmin_0 ygk_mass_bias ygk_rhogy
3.808235086614960305e-04 -4.845379135768311551e-04 -6.980160227527798099e-05 -3.213811729588239444e-04 -1.175167716312612055e-03 -3.279656575765788496e-04
-4.845379135768311551e-04 2.156898143976419824e-02 -4.985618574141682802e-03 -4.879729188384230275e-03 5.070787974960300421e-04 -2.968346502348340120e-05
-6.980160227527798099e-05 -4.985618574141682802e-03 5.226850731316568834e-03 4.195097286569237152e-03 7.205617096301780667e-04 3.403349350032641284e-04
-3.213811729588239444e-04 -4.879729188384230275e-03 4.195097286569237152e-03 3.661285998570092733e-03 1.441750400278236444e-03 5.012405175521810353e-04
-1.175167716312612055e-03 5.070787974960300421e-04 7.205617096301780667e-04 1.441750400278236444e-03 4.841719688105571191e-03 -2.925864662289506357e-04
-3.279656575765788496e-04 -2.968346502348340120e-05 3.403349350032641284e-04 5.012405175521810353e-04 -2.925864662289506357e-04 2.123828215145395337e-03
