# sigma8 ygk_Ahmc ygk_LOWZ__2_lM1_0 ygk_LOWZ__2_lMmin_0 ygk_mass_bias ygk_rhogy
1.869409296920352282e-03 -1.730313601707327226e-03 -8.640960553618725996e-04 -2.154983745610546467e-03 -5.342656482866310619e-03 -7.652321892608772826e-04
-1.730313601707327226e-03 1.926672696498602996e-02 -5.328445892341689485e-03 -4.058735014895170114e-03 4.164358016945058152e-03 2.845686073297205485e-04
-8.640960553618725996e-04 -5.328445892341689485e-03 8.054108707804484221e-03 7.342383288871018321e-03 2.951867882227101648e-03 4.124727376591570552e-04
-2.154983745610546467e-03 -4.058735014895170114e-03 7.342383288871018321e-03 7.843147778423174843e-03 6.577989932285550206e-03 9.359853814409874835e-04
-5.342656482866310619e-03 4.164358016945058152e-03 2.951867882227101648e-03 6.577989932285550206e-03 1.648902052925596551e-02 9.125347757136084747e-04
-7.652321892608772826e-04 2.845686073297205485e-04 4.124727376591570552e-04 9.359853814409874835e-04 9.125347757136084747e-04 2.365531842990653121e-03
