# sigma8 ygk_Ahmc ygk_LOWZ__2_lM1_0 ygk_LOWZ__2_lMmin_0 ygk_mass_bias ygk_rhogy
1.530701263602003703e-03 -2.042574807429847067e-03 -1.539723759707732273e-03 -2.479918627607476198e-03 -3.311990304434202139e-03 -7.401201036556582027e-04
-2.042574807429847067e-03 1.776857614043757250e-02 -1.946050462841688970e-03 -1.097360118366601592e-03 3.937534864882189650e-03 6.118760155180093165e-04
-1.539723759707732273e-03 -1.946050462841688970e-03 8.259846880353855295e-03 8.153563598789492772e-03 3.506295769357830466e-03 9.838952293440561547e-04
-2.479918627607476198e-03 -1.097360118366601592e-03 8.153563598789492772e-03 8.899915236193827947e-03 5.516071108057451870e-03 1.415109453116170134e-03
-3.311990304434202139e-03 3.937534864882189650e-03 3.506295769357830466e-03 5.516071108057451870e-03 7.980720491749332401e-03 6.255704441488034451e-04
-7.401201036556582027e-04 6.118760155180093165e-04 9.838952293440561547e-04 1.415109453116170134e-03 6.255704441488034451e-04 2.118883918961820059e-03
