# sigma8 ygk_Ahmc ygk_LOWZ__2_lM1_0 ygk_LOWZ__2_lMmin_0 ygk_mass_bias ygk_rhogy
1.510948068801277631e-03 -2.042698294941909781e-03 -1.540128049563074331e-03 -2.461540754071148314e-03 -3.265901180293358241e-03 -7.234816301222331400e-04
-2.042698294941909781e-03 1.778307318728311950e-02 -1.895980563298423549e-03 -1.062914783907921521e-03 3.936202078720719803e-03 6.153692831897037254e-04
-1.540128049563074331e-03 -1.895980563298423549e-03 8.496362762487094655e-03 8.324201969386236036e-03 3.517924965827367266e-03 9.900111658304019870e-04
-2.461540754071148314e-03 -1.062914783907921521e-03 8.324201969386236036e-03 9.005371067717170275e-03 5.481978831624969607e-03 1.404140414734633907e-03
-3.265901180293358241e-03 3.936202078720719803e-03 3.517924965827367266e-03 5.481978831624969607e-03 7.870412980090602667e-03 5.884871853735782008e-04
-7.234816301222331400e-04 6.153692831897037254e-04 9.900111658304019870e-04 1.404140414734633907e-03 5.884871853735782008e-04 2.104659798930779216e-03
