# sigma8 ygk_Ahmc ygk_LOWZ__2_lM1_0 ygk_LOWZ__2_lMmin_0 ygk_mass_bias ygk_rhogy
1.524670534681889147e-03 -2.076432932177152326e-03 -1.495242449818479698e-03 -2.446414201276026282e-03 -3.246759357895875366e-03 -7.535152960457131835e-04
-2.076432932177152326e-03 1.842003497883305807e-02 -2.382783208000260108e-03 -1.458412540790000747e-03 3.917912716575558396e-03 6.676617268260950271e-04
-1.495242449818479698e-03 -2.382783208000260108e-03 8.554023558279357647e-03 8.412239176220942527e-03 3.366850693698631748e-03 1.060403904072505137e-03
-2.446414201276026282e-03 -1.458412540790000747e-03 8.412239176220942527e-03 9.137501059111489271e-03 5.367945600806389717e-03 1.489273821152568627e-03
-3.246759357895875366e-03 3.917912716575558396e-03 3.366850693698631748e-03 5.367945600806389717e-03 7.708166934937287114e-03 6.414138177461682720e-04
-7.535152960457131835e-04 6.676617268260950271e-04 1.060403904072505137e-03 1.489273821152568627e-03 6.414138177461682720e-04 2.130922570715250604e-03
