# sigma8 ygk_Ahmc ygk_LOWZ__0_lM1_0 ygk_LOWZ__0_lMmin_0 ygk_mass_bias ygk_rhogy
2.444422243828847110e-04 -8.671898300715038225e-06 3.841990092172659738e-05 -2.671612002975658722e-05 -1.924685917391150386e-04 1.533686357835184423e-05
-8.671898300715038225e-06 8.053884157901726720e-04 -8.052782474369277015e-05 -1.103044257520311707e-04 3.930646655981387416e-05 1.286798107704577382e-06
3.841990092172659738e-05 -8.052782474369277015e-05 8.805539624141863874e-04 6.286837767236766938e-04 7.046193429169650033e-05 4.803473056273575899e-06
-2.671612002975658722e-05 -1.103044257520311707e-04 6.286837767236766938e-04 5.630385449268249893e-04 2.437052601638650185e-04 1.743827763379488922e-06
-1.924685917391150386e-04 3.930646655981387416e-05 7.046193429169650033e-05 2.437052601638650185e-04 5.839736064819668615e-04 -8.624184363901211373e-06
1.533686357835184423e-05 1.286798107704577382e-06 4.803473056273575899e-06 1.743827763379488922e-06 -8.624184363901211373e-06 6.253105197042690893e-06
