# sigma8 ygk_Ahmc ygk_LOWZ__2_lM1_0 ygk_LOWZ__2_lMmin_0 ygk_mass_bias ygk_rhogy
4.133457825262571518e-05 -1.312410172759255658e-05 6.056856862523734857e-06 -1.969797371008055352e-05 -3.304474093040691017e-05 -1.901642587619503273e-05
-1.312410172759255658e-05 2.868657496384696085e-03 -1.094563283923564160e-04 -3.160663429098106735e-04 4.896070705832384490e-04 -3.422736695434053450e-04
6.056856862523734857e-06 -1.094563283923564160e-04 4.133407085554521008e-04 3.096283795614377245e-04 7.649254005854374194e-05 -2.052685297594985441e-05
-1.969797371008055352e-05 -3.160663429098106735e-04 3.096283795614377245e-04 2.842830618091200258e-04 4.942155518463464757e-05 9.550603150433264760e-05
-3.304474093040691017e-05 4.896070705832384490e-04 7.649254005854374194e-05 4.942155518463464757e-05 4.497213813483430804e-04 -2.420119778784505073e-04
-1.901642587619503273e-05 -3.422736695434053450e-04 -2.052685297594985441e-05 9.550603150433264760e-05 -2.420119778784505073e-04 8.158695281433104348e-04
