# sigma8 ygk_Ahmc ygk_LOWZ__4_lM1_0 ygk_LOWZ__4_lMmin_0 ygk_LOWZ__4_wz ygk_mass_bias ygk_rhogy
9.998538548161358275e-04 -9.469748958187650372e-04 -3.158555571350892769e-03 -3.310519347170074421e-03 1.612940338525926899e-03 -2.899002964950916830e-03 -6.183722594452004118e-04
-9.469748958187650372e-04 1.566046370808147833e-02 1.769175837487803934e-03 1.146305840755883773e-03 -1.593185343634017726e-03 2.616192847985115977e-03 1.397917041742726611e-04
-3.158555571350892769e-03 1.769175837487803934e-03 3.678280574672550263e-02 3.219731386552421304e-02 -1.608505637953597245e-02 6.751451437555004709e-03 2.235070292669984627e-03
-3.310519347170074421e-03 1.146305840755883773e-03 3.219731386552421304e-02 2.877074669157797179e-02 -1.436389297500731757e-02 7.595180612347987407e-03 2.308949314409185129e-03
1.612940338525926899e-03 -1.593185343634017726e-03 -1.608505637953597245e-02 -1.436389297500731757e-02 7.674272817652936021e-03 -3.491474606879565318e-03 -1.055173405843540810e-03
-2.899002964950916830e-03 2.616192847985115977e-03 6.751451437555004709e-03 7.595180612347987407e-03 -3.491474606879565318e-03 9.608255135289086799e-03 5.842408465096079377e-04
-6.183722594452005202e-04 1.397917041742726611e-04 2.235070292669984193e-03 2.308949314409185129e-03 -1.055173405843540593e-03 5.842408465096079377e-04 2.602644826153020004e-03
