# sigma8 ygk_Ahmc ygk_LOWZ__4_lM1_0 ygk_LOWZ__4_lMmin_0 ygk_LOWZ__4_wz ygk_mass_bias ygk_rhogy
9.800880644668418570e-04 -9.118252093835351466e-04 -3.099177809931949468e-03 -3.247362986726797223e-03 1.664452466354958199e-03 -2.780568868762576824e-03 -6.801994898557002034e-04
-9.118252093835351466e-04 1.637061186519336853e-02 1.931299399766724535e-03 1.221735265278000356e-03 -1.625446228539377536e-03 2.313865376276692549e-03 2.145379301234039929e-04
-3.099177809931949468e-03 1.931299399766724535e-03 3.892973139448476644e-02 3.389595293845330121e-02 -1.750421748039876838e-02 5.686002062249229973e-03 2.677922665114343490e-03
-3.247362986726797223e-03 1.221735265278000356e-03 3.389595293845330121e-02 3.009549258340247363e-02 -1.555080965924894761e-02 6.664508969750519880e-03 2.703839704684065856e-03
1.664452466354958199e-03 -1.625446228539377536e-03 -1.750421748039876838e-02 -1.555080965924894761e-02 8.515303372104458465e-03 -3.218797421610230906e-03 -1.325196191000747392e-03
-2.780568868762576824e-03 2.313865376276692549e-03 5.686002062249229973e-03 6.664508969750519880e-03 -3.218797421610230906e-03 9.249558351625445513e-03 6.663420039416802047e-04
-6.801994898557002034e-04 2.145379301234040200e-04 2.677922665114343057e-03 2.703839704684066290e-03 -1.325196191000747392e-03 6.663420039416802047e-04 2.670844842686742344e-03
