# sigma8 ygk_Ahmc ygk_LOWZ__4_lM1_0 ygk_LOWZ__4_lMmin_0 ygk_LOWZ__4_wz ygk_mass_bias ygk_rhogy
9.112425067785866932e-04 -8.052471048300197023e-04 -2.867653827197822781e-03 -2.996812320402379715e-03 1.555334167613547838e-03 -2.582638684626836073e-03 -6.579702493047413650e-04
-8.052471048300197023e-04 1.542265503686708963e-02 1.678578318491198706e-03 9.676032877168919090e-04 -1.367794227013028902e-03 2.003331780012108411e-03 3.210088746163101080e-04
-2.867653827197822781e-03 1.678578318491198706e-03 3.854675366388052998e-02 3.331265116267356080e-02 -1.737918003670662140e-02 4.939585245335069777e-03 2.518217199775005678e-03
-2.996812320402379715e-03 9.676032877168919090e-04 3.331265116267356080e-02 2.934715046549540157e-02 -1.533233784212152673e-02 5.889457958802301295e-03 2.541058233066096055e-03
1.555334167613547838e-03 -1.367794227013028902e-03 -1.737918003670662140e-02 -1.533233784212152673e-02 8.458226534991860820e-03 -2.852097298900499889e-03 -1.285987386616752439e-03
-2.582638684626836073e-03 2.003331780012108411e-03 4.939585245335069777e-03 5.889457958802301295e-03 -2.852097298900499889e-03 8.657751716248471979e-03 6.765727020982516748e-04
-6.579702493047413650e-04 3.210088746163102164e-04 2.518217199775006111e-03 2.541058233066096055e-03 -1.285987386616752439e-03 6.765727020982517832e-04 2.555222429195317963e-03
