# sigma8 ygk_Ahmc ygk_LOWZ__2_lM1_0 ygk_LOWZ__2_lMmin_0 ygk_mass_bias ygk_rhogy
1.125288675358765986e-03 -1.354626059740821715e-03 -1.120516003336569522e-03 -1.817992467767286322e-03 -2.428104411635861621e-03 -5.700589539391602177e-04
-1.354626059740821715e-03 1.378417364736921925e-02 -3.428992926641913439e-03 -2.477809350212881786e-03 2.557578920916404788e-03 6.579879803626598276e-04
-1.120516003336569522e-03 -3.428992926641913439e-03 7.986451535290827602e-03 7.579287971715462091e-03 2.681703559714681412e-03 7.395227843376630129e-04
-1.817992467767286322e-03 -2.477809350212881786e-03 7.579287971715462091e-03 7.873437275646199066e-03 4.139287558285044237e-03 1.096604057159543530e-03
-2.428104411635861621e-03 2.557578920916404788e-03 2.681703559714681412e-03 4.139287558285044237e-03 6.018037359715847773e-03 2.991911239579090709e-04
-5.700589539391602177e-04 6.579879803626598276e-04 7.395227843376630129e-04 1.096604057159543530e-03 2.991911239579090709e-04 1.876171959458283918e-03
