# sigma8 ygk_Ahmc ygk_LOWZ__2_lM1_0 ygk_LOWZ__2_lMmin_0 ygk_mass_bias ygk_rhogy
6.169672833620369092e-04 -8.079520184685458307e-04 -5.277711250011855220e-04 -9.057830497734102853e-04 -1.289147213105537593e-03 -3.877253580224378736e-04
-8.079520184685458307e-04 1.286413863106133405e-02 -2.123922431264722594e-03 -1.927321414815223472e-03 1.185576148817574617e-03 6.919162165205783701e-04
-5.277711250011855220e-04 -2.123922431264722594e-03 5.330461780459132097e-03 4.781037651842335451e-03 1.445459406845075274e-03 2.962115382919321333e-04
-9.057830497734102853e-04 -1.927321414815223472e-03 4.781037651842335451e-03 4.717209381061946739e-03 2.192633452247242948e-03 5.774999469306349052e-04
-1.289147213105537593e-03 1.185576148817574617e-03 1.445459406845075274e-03 2.192633452247242948e-03 3.401434847085670326e-03 -8.067082035777101113e-05
-3.877253580224378736e-04 6.919162165205783701e-04 2.962115382919321333e-04 5.774999469306349052e-04 -8.067082035777101113e-05 1.836954488688370603e-03
