# sigma8 ygk_Ahmc ygk_LOWZ__5_lM1_0 ygk_LOWZ__5_lMmin_0 ygk_mass_bias ygk_rhogy
6.646115698412272208e-04 -2.434815913825836946e-03 -1.576024275774257468e-03 -1.525495991082643880e-03 -1.576987545899584181e-03 -1.521553817558837503e-04
-2.434815913825836946e-03 3.341552015247169216e-02 9.835668856959993087e-03 6.673903601011077838e-03 5.428524994420901202e-03 -3.795056968878344193e-04
-1.576024275774257468e-03 9.835668856959993087e-03 1.223732914656703620e-02 9.719456447443366662e-03 3.723358738112049742e-03 5.103881254077336426e-04
-1.525495991082643880e-03 6.673903601011077838e-03 9.719456447443366662e-03 8.053187342660772866e-03 3.635019368259803912e-03 5.224380938365154499e-04
-1.576987545899584181e-03 5.428524994420901202e-03 3.723358738112049742e-03 3.635019368259803912e-03 4.384576078935182447e-03 -4.335224864304428960e-04
-1.521553817558837503e-04 -3.795056968878344193e-04 5.103881254077336426e-04 5.224380938365154499e-04 -4.335224864304428960e-04 1.448766336569664919e-03
