# sigma8 ygk_Ahmc ygk_LOWZ__5_lM1_0 ygk_LOWZ__5_lMmin_0 ygk_mass_bias ygk_rhogy
1.603180559313752054e-03 -2.114059076303622439e-03 -9.076879988415664357e-04 -1.829256400102854301e-03 -3.742324452008356089e-03 -2.832260480258862482e-04
-2.114059076303622439e-03 3.006784660297746534e-02 7.865314211397222630e-03 5.285819997655266320e-03 5.352799476318208065e-03 -9.205135744483109415e-04
-9.076879988415664357e-04 7.865314211397222630e-03 1.180698755523699843e-02 9.025709882641357387e-03 2.116101632526292634e-03 4.413732915016340872e-04
-1.829256400102854301e-03 5.285819997655266320e-03 9.025709882641357387e-03 7.916059258139214461e-03 4.223251846586837874e-03 6.232071134476915332e-04
-3.742324452008356089e-03 5.352799476318208065e-03 2.116101632526292634e-03 4.223251846586837874e-03 9.540878596367980205e-03 -3.078622369050691850e-04
-2.832260480258862482e-04 -9.205135744483109415e-04 4.413732915016340872e-04 6.232071134476915332e-04 -3.078622369050691850e-04 1.900347369254694677e-03
