# sigma8 ygk_Ahmc ygk_LOWZ__5_lM1_0 ygk_LOWZ__5_lMmin_0 ygk_mass_bias ygk_rhogy
1.752528755445321692e-03 -2.183360606731332785e-03 -9.297560800862574026e-04 -1.956364591145271989e-03 -4.206638499871797124e-03 -3.263666798753936393e-04
-2.183360606731332785e-03 2.990172001637507807e-02 7.179877041676288596e-03 4.818907932387274037e-03 5.372149233745437610e-03 -7.709307942032664861e-04
-9.297560800862574026e-04 7.179877041676288596e-03 1.165313868040292189e-02 8.924743381059800640e-03 2.124705606571972941e-03 4.512486357246549523e-04
-1.956364591145271989e-03 4.818907932387274037e-03 8.924743381059800640e-03 7.935001784503539074e-03 4.590165716255313957e-03 6.559796154909016287e-04
-4.206638499871797124e-03 5.372149233745437610e-03 2.124705606571972941e-03 4.590165716255313957e-03 1.091739914673207391e-02 -1.464476329421321530e-04
-3.263666798753936393e-04 -7.709307942032664861e-04 4.512486357246549523e-04 6.559796154909016287e-04 -1.464476329421321530e-04 1.846327214504278526e-03
