# sigma8 ygk_Ahmc ygk_LOWZ__2_lM1_0 ygk_LOWZ__2_lMmin_0 ygk_mass_bias ygk_rhogy
2.522804597091577589e-03 -2.866589822756234352e-03 -2.688962040551125428e-03 -4.310073850498325615e-03 -6.274013818432938767e-03 -7.883053067339752373e-04
-2.866589822756234352e-03 1.683750067646284584e-02 -2.790512454214921084e-03 -7.733171243603339162e-04 6.582846081597948720e-03 8.115246549178163670e-04
-2.688962040551125428e-03 -2.790512454214921084e-03 1.190270377031309341e-02 1.234507921214682107e-02 6.778127433422170660e-03 9.738257964730746624e-04
-4.310073850498325615e-03 -7.733171243603339162e-04 1.234507921214682107e-02 1.411938823209699621e-02 1.075786519337381363e-02 1.503817061937154148e-03
-6.274013818432938767e-03 6.582846081597948720e-03 6.778127433422170660e-03 1.075786519337381363e-02 1.678291447901542055e-02 9.238729167148858118e-04
-7.883053067339752373e-04 8.115246549178163670e-04 9.738257964730746624e-04 1.503817061937154148e-03 9.238729167148858118e-04 1.936676437120504095e-03
