# sigma8 ygk_Ahmc ygk_LOWZ__2_lM1_0 ygk_LOWZ__2_lMmin_0 ygk_mass_bias ygk_rhogy
2.840193034993273441e-03 -3.258451528488830705e-03 -3.032975118668316747e-03 -4.835156016005637096e-03 -7.103146593035922739e-03 -9.211005429640934999e-04
-3.258451528488830705e-03 1.754286378447542788e-02 -2.319059898584543197e-03 -6.622333808333402596e-05 7.657923387033156032e-03 9.230983411285611801e-04
-3.032975118668316747e-03 -2.319059898584543197e-03 1.214926195540493893e-02 1.280656233706052929e-02 7.520224049448353230e-03 1.170667720094128658e-03
-4.835156016005637096e-03 -6.622333808333402596e-05 1.280656233706052929e-02 1.489683886291225112e-02 1.199746394755415134e-02 1.764527980500273747e-03
-7.103146593035922739e-03 7.657923387033156032e-03 7.520224049448353230e-03 1.199746394755415134e-02 1.901954738757229493e-02 1.235245554542283670e-03
-9.211005429640934999e-04 9.230983411285611801e-04 1.170667720094128658e-03 1.764527980500273747e-03 1.235245554542283670e-03 2.043293308610808195e-03
