# sigma8 ygk_Ahmc ygk_LOWZ__1_lM1_0 ygk_LOWZ__1_lMmin_0 ygk_mass_bias ygk_rhogy
9.959973714028461794e-04 -1.606026411705731554e-03 -1.696145992511625218e-03 -2.303681886074187245e-03 -2.027765506748719759e-03 6.609662254330421884e-05
-1.606026411705731554e-03 1.280345156973160432e-02 -3.880309690564792604e-03 -2.433268025663664486e-03 3.082202603166409646e-03 1.871281641942852420e-03
-1.696145992511625218e-03 -3.880309690564792604e-03 1.374128786451971583e-02 1.351435925871517785e-02 3.727307023158803884e-03 -1.823645975415890894e-03
-2.303681886074187245e-03 -2.433268025663664486e-03 1.351435925871517785e-02 1.387228498278837881e-02 4.936958589990239794e-03 -1.634895723247648544e-03
-2.027765506748719759e-03 3.082202603166409646e-03 3.727307023158803884e-03 4.936958589990239794e-03 5.108918766602174588e-03 -3.334585708199010222e-04
6.609662254330421884e-05 1.871281641942852420e-03 -1.823645975415890894e-03 -1.634895723247648544e-03 -3.334585708199010222e-04 5.640451353743638867e-03
