# sigma8 ygk_Ahmc ygk_LOWZ__0_lM1_0 ygk_LOWZ__0_lMmin_0 ygk_mass_bias ygk_rhogy
3.592169476169507669e-04 2.028653243003845778e-04 1.406934105139174586e-04 9.667091521877017280e-06 -1.060999165379308931e-04 -1.465625253666696395e-04
2.028653243003845778e-04 4.050818907091584438e-03 6.673068789386048380e-04 -1.437635393968208141e-04 -7.395795763610757021e-04 4.123344870906438470e-04
1.406934105139174586e-04 6.673068789386048380e-04 9.668901367709914312e-04 5.360159887275657868e-04 -3.595114231587127353e-04 4.794958087455807884e-04
9.667091521877017280e-06 -1.437635393968208141e-04 5.360159887275657868e-04 5.044599380706217941e-04 -1.207716292015337294e-04 6.050348995055200444e-04
-1.060999165379308931e-04 -7.395795763610757021e-04 -3.595114231587127353e-04 -1.207716292015337294e-04 7.265449437087754874e-04 -8.452365098800193599e-04
-1.465625253666696395e-04 4.123344870906438470e-04 4.794958087455807884e-04 6.050348995055200444e-04 -8.452365098800193599e-04 2.845665922620900512e-03
