# sigma8 ygk_Ahmc ygk_LOWZ__5_lM1_0 ygk_LOWZ__5_lMmin_0 ygk_mass_bias ygk_rhogy
1.634882564685025564e-03 -2.151703050811777998e-03 -9.472515857915676796e-04 -2.162706274176886406e-03 -3.651816466984105468e-03 -4.458241748993796395e-04
-2.151703050811777998e-03 2.755043032779791110e-02 1.049858545366280475e-02 7.717922989355217867e-03 4.834949705854447652e-03 -4.957539174021055985e-04
-9.472515857915676796e-04 1.049858545366280475e-02 1.875850489933483453e-02 1.417483233776326186e-02 2.165969872504803877e-03 2.835637866541864207e-04
-2.162706274176886406e-03 7.717922989355217867e-03 1.417483233776326186e-02 1.223047485008516705e-02 4.851145496999098410e-03 6.902637596765047413e-04
-3.651816466984105468e-03 4.834949705854447652e-03 2.165969872504803877e-03 4.851145496999098410e-03 8.902948799558942430e-03 -1.435464770388566792e-06
-4.458241748993796395e-04 -4.957539174021055985e-04 2.835637866541864207e-04 6.902637596765047413e-04 -1.435464770388566792e-06 2.337317054021825422e-03
