# sigma8 ygk_Ahmc ygk_LOWZ__1_lM1_0 ygk_LOWZ__1_lMmin_0 ygk_mass_bias ygk_rhogy
2.072381657619983518e-03 -3.335516824215639057e-03 -2.959596950338766116e-03 -4.310515150992363584e-03 -5.620811781309829197e-03 -5.803147311065402856e-04
-3.335516824215639057e-03 2.431577646403477663e-02 -4.301708991267347293e-03 -1.851830303230053536e-03 8.506850306315868332e-03 -2.076898717325703688e-05
-2.959596950338766116e-03 -4.301708991267347293e-03 1.900003569077495652e-02 1.910952421779132937e-02 8.684373184737470552e-03 1.057787231341772915e-03
-4.310515150992363584e-03 -1.851830303230053536e-03 1.910952421779132937e-02 2.042350729961586384e-02 1.220629067630002278e-02 1.461834413825626507e-03
-5.620811781309829197e-03 8.506850306315868332e-03 8.684373184737470552e-03 1.220629067630002278e-02 1.676895568786666152e-02 2.444881476000261220e-04
-5.803147311065402856e-04 -2.076898717325703688e-05 1.057787231341772915e-03 1.461834413825626507e-03 2.444881476000261220e-04 1.989541836553798508e-03
