# sigma8 ygk_Ahmcgg ygk_Ahmcgm ygk_Ahmcgy ygk_LOWZ__1_lM1_0 ygk_LOWZ__1_lMmin_0 ygk_mass_bias ygk_rhogy
3.823367721487323431e-05 9.499360966929320629e-06 -1.647436546617848431e-05 3.774942716237287052e-05 4.039618661998462695e-05 -1.343272288737875783e-06 -3.883624497626419445e-05 -2.928488699771350829e-05
9.499360966929320629e-06 2.364758335721599183e-03 4.490027713158388847e-04 -1.582721279259219089e-04 4.077536882581871918e-06 -1.482564156814067879e-04 -2.311606864680429755e-04 1.949865456081078673e-04
-1.647436546617848431e-05 4.490027713158388847e-04 2.701089700008434732e-03 -2.992118401190089387e-04 1.527658951846062028e-04 1.530513444902502590e-04 -3.413172860087287973e-04 5.122966130852752310e-04
3.774942716237287052e-05 -1.582721279259219089e-04 -2.992118401190089387e-04 2.393730725857930348e-03 -2.834300804149666661e-04 -2.633374687219236770e-04 1.038442046531920206e-04 -6.186760106375186136e-04
4.039618661998462695e-05 4.077536882581871918e-06 1.527658951846062028e-04 -2.834300804149666661e-04 6.634146128934271733e-04 4.834391116432723763e-04 -1.251238272621674208e-04 -4.563340948901141973e-05
-1.343272288737875783e-06 -1.482564156814067879e-04 1.530513444902502590e-04 -2.633374687219236770e-04 4.834391116432723763e-04 4.258322238928707263e-04 -6.089204377914664133e-05 2.388499755689325050e-05
-3.883624497626419445e-05 -2.311606864680429755e-04 -3.413172860087287973e-04 1.038442046531920206e-04 -1.251238272621674208e-04 -6.089204377914664133e-05 5.238689388227401765e-04 -4.357644092578090358e-05
-2.928488699771350829e-05 1.949865456081078673e-04 5.122966130852752310e-04 -6.186760106375186136e-04 -4.563340948901141973e-05 2.388499755689325050e-05 -4.357644092578090358e-05 2.507396846323157666e-03
