# sigma8 ygk_Ahmcgg ygk_Ahmcgm ygk_Ahmcgy ygk_LOWZ__1_lM1_0 ygk_LOWZ__1_lMmin_0 ygk_mass_bias ygk_rhogy
3.931328665965667588e-03 -6.890379855884337656e-03 -8.776863858895192147e-03 -1.036133100007825651e-03 -4.220172689222369961e-02 -4.553571656567328291e-02 -5.907957628388803804e-03 -1.236905655976115823e-04
-6.890379855884337656e-03 2.248745750211326999e-02 1.609428029116857783e-02 3.000957424609649801e-03 5.623868435809293437e-02 6.183571874628632919e-02 9.995943420029877388e-03 1.237454842360377442e-03
-8.776863858895192147e-03 1.609428029116857783e-02 8.656797607828067842e-02 3.063557442186017575e-03 8.328416221439742528e-02 9.019878501282953265e-02 1.395878855843175892e-02 -1.439887423163579093e-04
-1.036133100007825651e-03 3.000957424609649801e-03 3.063557442186017575e-03 8.437636206438475783e-02 1.187422438305541297e-02 1.252816378765666400e-02 -3.934521961044355060e-04 1.269342559791993485e-03
-4.220172689222369961e-02 5.623868435809293437e-02 8.328416221439742528e-02 1.187422438305541297e-02 8.196222728139874736e-01 8.641711907097187062e-01 5.916245623917788105e-02 -9.521037765653360581e-04
-4.553571656567328291e-02 6.183571874628632919e-02 9.019878501282953265e-02 1.252816378765666400e-02 8.641711907097187062e-01 9.119796200547329867e-01 6.394152224244330218e-02 -8.223553012457916409e-04
-5.907957628388803804e-03 9.995943420029877388e-03 1.395878855843175892e-02 -3.934521961044353975e-04 5.916245623917788105e-02 6.394152224244330218e-02 9.800764801974191920e-03 -8.632161362855297470e-05
-1.236905655976116365e-04 1.237454842360377442e-03 -1.439887423163579365e-04 1.269342559791993485e-03 -9.521037765653359497e-04 -8.223553012457918577e-04 -8.632161362855296114e-05 4.444260739832820231e-03
