# sigma8 ygk_Ahmcgg ygk_Ahmcgm ygk_Ahmcgy ygk_LOWZ__1_lM1_0 ygk_LOWZ__1_lMmin_0 ygk_mass_bias ygk_rhogy
6.403947836887602027e-05 -8.712920545371702634e-05 7.995806478156406067e-06 -1.343202045552121122e-05 3.449414150196780237e-05 -1.943615798049655525e-05 -4.937367892654417168e-05 -1.669899521359289343e-05
-8.712920545371702634e-05 9.663514483803653391e-04 1.583352729461501730e-04 1.255494529347644017e-04 -1.632985838154510957e-04 -1.102280859084568102e-04 3.238553401049309348e-04 -1.364640712061926213e-04
7.995806478156406067e-06 1.583352729461501730e-04 4.764181949175365837e-04 -4.555356091794038694e-05 -9.432425375691240140e-05 -9.573364760298825693e-05 -4.223865642300901851e-05 -6.759412682816936255e-05
-1.343202045552121122e-05 1.255494529347644017e-04 -4.555356091794038694e-05 5.269021606490667401e-04 -6.017022491846230157e-05 -4.375852260870812996e-05 1.706364889753593322e-05 3.585484903416437093e-05
3.449414150196780237e-05 -1.632985838154510957e-04 -9.432425375691240140e-05 -6.017022491846230157e-05 4.418858220155924641e-04 3.402644671585982705e-04 5.031737433134225271e-06 5.931307952922786823e-05
-1.943615798049655525e-05 -1.102280859084568102e-04 -9.573364760298825693e-05 -4.375852260870812996e-05 3.402644671585982705e-04 3.359412896259460300e-04 3.276080046204152410e-05 9.008712116349160007e-05
-4.937367892654417168e-05 3.238553401049309348e-04 -4.223865642300901851e-05 1.706364889753593322e-05 5.031737433134225271e-06 3.276080046204152410e-05 5.306155426912283419e-04 3.656014229875764548e-05
-1.669899521359289343e-05 -1.364640712061926213e-04 -6.759412682816936255e-05 3.585484903416437093e-05 5.931307952922786823e-05 9.008712116349160007e-05 3.656014229875764548e-05 7.379609397296248065e-04
