# sigma8 ygk_Ahmc ygk_LOWZ__3_lM1_0 ygk_LOWZ__3_lMmin_0 ygk_mass_bias ygk_rhogy
1.023118443646150793e-03 -1.016893552287167655e-03 3.353299658015682647e-04 -3.700371689680481929e-04 -3.263653788364044225e-03 -3.202839302495624220e-04
-1.016893552287167655e-03 1.328794837837072966e-02 -3.402788857038455302e-03 -2.631641692806305482e-03 2.863002127718541380e-03 1.176154294076679568e-04
3.353299658015682647e-04 -3.402788857038455302e-03 3.424666884638215367e-03 2.332150314261999518e-03 -8.828143798763950917e-04 -1.221048692167052877e-05
-3.700371689680481929e-04 -2.631641692806305482e-03 2.332150314261999518e-03 2.025990058362779535e-03 1.332497525971953469e-03 1.971672440417477658e-04
-3.263653788364044225e-03 2.863002127718541380e-03 -8.828143798763950917e-04 1.332497525971953469e-03 1.123831830288222339e-02 1.966406526444800049e-04
-3.202839302495624220e-04 1.176154294076679568e-04 -1.221048692167052877e-05 1.971672440417477658e-04 1.966406526444800049e-04 1.331449893153092024e-03
