# sigma8 ygk_Ahmc ygk_LOWZ__3_lM1_0 ygk_LOWZ__3_lMmin_0 ygk_mass_bias ygk_rhogy
1.017939014544557439e-03 -9.910364864957879258e-04 2.953113579773238690e-04 -3.968536556635588906e-04 -3.246382456736717371e-03 -2.987751514006743714e-04
-9.910364864957879258e-04 1.317955092997570403e-02 -3.300534111816804880e-03 -2.567935678909519671e-03 2.851426517183211409e-03 2.562342072204170341e-05
2.953113579773238690e-04 -3.300534111816804880e-03 3.461860860419840608e-03 2.378868400807982418e-03 -7.632373971053799892e-04 2.785144436623908189e-05
-3.968536556635588906e-04 -2.567935678909519671e-03 2.378868400807982418e-03 2.073402291607317517e-03 1.404050732064589290e-03 2.221428369570237486e-04
-3.246382456736717371e-03 2.851426517183211409e-03 -7.632373971053799892e-04 1.404050732064589290e-03 1.116787940397498402e-02 1.476413340485747223e-04
-2.987751514006743714e-04 2.562342072204170341e-05 2.785144436623908189e-05 2.221428369570237486e-04 1.476413340485747223e-04 1.295673206584860336e-03
