# sigma8 ygk_Ahmc ygk_LOWZ__0_lM1_0 ygk_LOWZ__0_lMmin_0 ygk_LOWZ__0_wz ygk_mass_bias ygk_rhogy
5.189334260863879200e-04 -6.890019685588971059e-04 2.895114189832312477e-04 1.266728908091495451e-04 1.117781136153765599e-04 -3.285967511525553133e-04 -3.701079730335530356e-04
-6.890019685588971059e-04 8.593140336555732048e-03 -5.257583294691213407e-04 -7.818169218597469149e-04 -4.785369096758709264e-04 3.637147764959219312e-04 9.656158141950028310e-04
2.895114189832312477e-04 -5.257583294691213407e-04 1.158087369550503615e-03 5.754172858855313363e-04 2.938641079878457339e-04 -3.521438176281430532e-04 -1.342218600139928153e-04
1.266728908091495451e-04 -7.818169218597469149e-04 5.754172858855313363e-04 4.508102213990264470e-04 1.340241372069333450e-04 -1.128584659490693495e-04 2.312649708032340665e-04
1.117781136153765599e-04 -4.785369096758709264e-04 2.938641079878457339e-04 1.340241372069333450e-04 3.223549061769359083e-04 -6.813534024670845008e-05 -5.485103164697827848e-05
-3.285967511525553133e-04 3.637147764959219312e-04 -3.521438176281430532e-04 -1.128584659490693495e-04 -6.813534024670845008e-05 9.696195369944817736e-04 -6.602879286994482516e-04
-3.701079730335529272e-04 9.656158141950031562e-04 -1.342218600139930050e-04 2.312649708032339310e-04 -5.485103164697827848e-05 -6.602879286994482516e-04 3.629519800848047487e-03
