# sigma8 ygk_Ahmc ygk_LOWZ__5_lM1_0 ygk_LOWZ__5_lMmin_0 ygk_mass_bias ygk_rhogy
1.029287804729809956e-03 -1.234424319667403033e-03 -6.228441083083214062e-04 -1.201805525523770351e-03 -2.173803799469634784e-03 -6.006383965149577134e-04
-1.234424319667403033e-03 2.651190809183415209e-02 7.122171126122561237e-03 4.083416133442631379e-03 2.490978032540891451e-03 -1.257055651065324949e-04
-6.228441083083214062e-04 7.122171126122561237e-03 1.041529425293887499e-02 7.518046835123821242e-03 1.329793636278158104e-03 3.960521407193121611e-04
-1.201805525523770351e-03 4.083416133442631379e-03 7.518046835123821242e-03 6.172693684305776037e-03 2.555152248955652305e-03 7.853504664241399598e-04
-2.173803799469634784e-03 2.490978032540891451e-03 1.329793636278158104e-03 2.555152248955652305e-03 5.323896034874114717e-03 2.635144966195913279e-04
-6.006383965149577134e-04 -1.257055651065324949e-04 3.960521407193121611e-04 7.853504664241399598e-04 2.635144966195913279e-04 2.352999655744093723e-03
