# sigma8 ygk_Ahmc ygk_LOWZ__2_lM1_0 ygk_LOWZ__2_lMmin_0 ygk_mass_bias ygk_rhogy
9.249910550092870637e-04 -1.130391047572216687e-03 -6.824532115785584586e-04 -1.274013414192073056e-03 -2.011710123499458810e-03 -6.410321174467152605e-04
-1.130391047572216687e-03 1.596416485151740464e-02 -2.927524954832342458e-03 -2.575344557147664620e-03 2.126005206571337548e-03 3.194053574034567467e-04
-6.824532115785584586e-04 -2.927524954832342458e-03 6.354418802006809620e-03 5.807141459858219251e-03 1.813065932315773834e-03 6.679760829034444474e-04
-1.274013414192073056e-03 -2.575344557147664620e-03 5.807141459858219251e-03 5.901116144671620690e-03 3.056486980277390696e-03 1.062367545047591087e-03
-2.011710123499458810e-03 2.126005206571337548e-03 1.813065932315773834e-03 3.056486980277390696e-03 5.093389803657591246e-03 4.254313977928141912e-04
-6.410321174467152605e-04 3.194053574034567467e-04 6.679760829034444474e-04 1.062367545047591087e-03 4.254313977928141912e-04 2.136779159917463495e-03
