# sigma8 ygk_Ahmc ygk_LOWZ__1_lM1_0 ygk_LOWZ__1_lMmin_0 ygk_LOWZ__1_wz ygk_mass_bias ygk_rhogy
9.701348802431159651e-05 2.976265667047923793e-05 2.449181758663289616e-05 -6.138056892172686610e-05 -2.399460365034172962e-05 -1.405239040622712084e-04 -7.120888303877694677e-05
2.976265667047923793e-05 8.155668192993683566e-04 -1.252340142892066120e-05 -1.433075191857258532e-05 -1.975828669061863965e-04 -1.886058418128709038e-04 -7.438873743278502258e-05
2.449181758663289616e-05 -1.252340142892066120e-05 3.231194404819351276e-04 2.177553532523634008e-04 1.941420031795920527e-05 -5.163305772142350524e-05 9.041103405083666630e-05
-6.138056892172686610e-05 -1.433075191857258532e-05 2.177553532523634008e-04 2.798812171475308585e-04 -8.482423968070849397e-05 3.899819834338182046e-05 1.462567472693225015e-04
-2.399460365034172962e-05 -1.975828669061863965e-04 1.941420031795920527e-05 -8.482423968070849397e-05 4.383000742645168737e-04 1.626374578904266738e-04 9.751817997037801725e-06
-1.405239040622712084e-04 -1.886058418128709038e-04 -5.163305772142350524e-05 3.899819834338182046e-05 1.626374578904266738e-04 7.174734286844653601e-04 1.475020191607636722e-04
-7.120888303877694677e-05 -7.438873743278502258e-05 9.041103405083666630e-05 1.462567472693225015e-04 9.751817997037801725e-06 1.475020191607636722e-04 6.260643701770300489e-04
