# sigma8 ygk_Ahmc ygk_LOWZ__1_lM1_0 ygk_LOWZ__1_lMmin_0 ygk_LOWZ__1_wz ygk_mass_bias ygk_rhogy
6.996719440159435578e-04 -7.806216264860996569e-04 7.413850704523649747e-04 3.097278108409344863e-05 -7.026383248562732874e-04 -1.546141057851306870e-03 1.745153473022784129e-04
-7.806216264860996569e-04 1.315561147139130554e-02 -3.457572646950339123e-03 -2.424572199329665459e-03 -1.469817757886500518e-03 5.652929417897981741e-04 1.261682207686176498e-03
7.413850704523649747e-04 -3.457572646950339123e-03 6.324653213920662653e-02 5.930950077546790628e-02 -1.338375213442512257e-02 -5.650437384948653156e-03 1.641122828490889892e-03
3.097278108409344863e-05 -2.424572199329665459e-03 5.930950077546790628e-02 5.640049252483476244e-02 -1.211726439584316466e-02 -3.939121795605726555e-03 1.511616830506951319e-03
-7.026383248562732874e-04 -1.469817757886500518e-03 -1.338375213442512257e-02 -1.211726439584316466e-02 4.542630014795494449e-03 3.027197808494764327e-03 -9.235523087960510226e-04
-1.546141057851306870e-03 5.652929417897981741e-04 -5.650437384948653156e-03 -3.939121795605726555e-03 3.027197808494764327e-03 5.098335297736762174e-03 -6.067713242078689746e-04
1.745153473022784129e-04 1.261682207686176498e-03 1.641122828490889892e-03 1.511616830506951319e-03 -9.235523087960510226e-04 -6.067713242078689746e-04 4.460822117026212209e-03
