# sigma8 ygk_Ahmc ygk_LOWZ__1_lM1_0 ygk_LOWZ__1_lMmin_0 ygk_LOWZ__1_wz ygk_mass_bias ygk_rhogy
8.141163207126213459e-05 -8.352957415692901101e-05 1.137298658051731120e-05 -7.800247973642090678e-05 5.297769825464793359e-05 -3.531607382467990874e-05 -8.576353837999982767e-05
-8.352957415692901101e-05 2.036559965878563180e-03 -7.351855253872337616e-05 -6.754229433723471846e-05 -1.398947815021895128e-04 -2.071876662192188916e-05 -6.138046672417638147e-04
1.137298658051731120e-05 -7.351855253872337616e-05 6.631776034776180667e-04 5.998402911440434745e-04 -1.836686023345569102e-04 -8.959687854230062262e-05 1.921034693718276737e-04
-7.800247973642090678e-05 -6.754229433723471846e-05 5.998402911440434745e-04 7.136798485017823400e-04 -2.823655383509786755e-04 -8.624676917922573845e-05 4.078152656116776288e-04
5.297769825464793359e-05 -1.398947815021895128e-04 -1.836686023345569102e-04 -2.823655383509786755e-04 2.426245936732097268e-04 9.755057511901100802e-05 -2.570765726838974453e-04
-3.531607382467990874e-05 -2.071876662192188916e-05 -8.959687854230062262e-05 -8.624676917922573845e-05 9.755057511901100802e-05 3.783969576987707378e-04 -6.466930569706478952e-05
-8.576353837999982767e-05 -6.138046672417638147e-04 1.921034693718276737e-04 4.078152656116776288e-04 -2.570765726838974453e-04 -6.466930569706478952e-05 2.182210473000639490e-03
