# sigma8 ygk_Ahmc ygk_LOWZ__4_lM1_0 ygk_LOWZ__4_lMmin_0 ygk_mass_bias ygk_rhogy
4.930419946306049267e-04 -3.355249859363932047e-04 4.586218411979784467e-04 6.212896183540155275e-05 -1.677681377353707620e-03 -3.589037885606223880e-04
-3.355249859363932047e-04 1.456226030273309949e-02 -1.333314359889293003e-03 -1.752701796195784388e-03 9.463137739630346707e-04 -2.797033571422160442e-04
4.586218411979784467e-04 -1.333314359889293003e-03 2.719054869225382472e-03 1.515687600002089399e-03 -1.401147592236440167e-03 -2.883069535931076358e-04
6.212896183540155275e-05 -1.752701796195784388e-03 1.515687600002089399e-03 1.032241563818258939e-03 -9.797391027379672010e-05 1.322329844568555910e-05
-1.677681377353707620e-03 9.463137739630346707e-04 -1.401147592236440167e-03 -9.797391027379672010e-05 6.635323358546426319e-03 5.000815723779689605e-06
-3.589037885606223880e-04 -2.797033571422160442e-04 -2.883069535931076358e-04 1.322329844568555910e-05 5.000815723779689605e-06 2.487146691949421347e-03
