# sigma8 ygk_Ahmc ygk_LOWZ__1_lM1_0 ygk_LOWZ__1_lMmin_0 ygk_mass_bias ygk_rhogy
2.456481614796067730e-03 -4.501960828918488700e-03 -4.467342956495768021e-03 -6.062773246255279656e-03 -6.408190132810135525e-03 -5.376390535036740595e-04
-4.501960828918488700e-03 3.151702914876361450e-02 -5.154476534541929666e-03 -1.836494832945325490e-03 1.059013034818142782e-02 2.591861086930841098e-04
-4.467342956495768021e-03 -5.154476534541929666e-03 2.786864218302695373e-02 2.881828625046516448e-02 1.267535538377911539e-02 1.327384322513682456e-03
-6.062773246255279656e-03 -1.836494832945325490e-03 2.881828625046516448e-02 3.111421915992827400e-02 1.670579656375268188e-02 1.679425088137387377e-03
-6.408190132810135525e-03 1.059013034818142782e-02 1.267535538377911539e-02 1.670579656375268188e-02 1.819771020122289834e-02 9.444839645131818638e-05
-5.376390535036740595e-04 2.591861086930841098e-04 1.327384322513682456e-03 1.679425088137387377e-03 9.444839645131818638e-05 1.941808147072293525e-03
