# sigma8 ygk_Ahmc ygk_LOWZ__1_lM1_0 ygk_LOWZ__1_lMmin_0 ygk_mass_bias ygk_rhogy
9.818384341290741207e-04 -1.868995282030711533e-04 -1.787459893316407315e-03 -2.451108977876906205e-03 -3.099480485764913047e-03 -1.699682884030350924e-04
-1.868995282030711533e-04 1.983267291801926388e-02 -9.712133871700315627e-03 -9.249084569451532234e-03 -1.620626211829677725e-03 7.180849271497492456e-04
-1.787459893316407315e-03 -9.712133871700315627e-03 1.687287554709863621e-02 1.645692028442637470e-02 8.003355472721832356e-03 -3.935988017376505473e-04
-2.451108977876906205e-03 -9.249084569451532234e-03 1.645692028442637470e-02 1.676899451563976934e-02 9.781176147858939435e-03 -1.656839520069754688e-04
-3.099480485764913047e-03 -1.620626211829677725e-03 8.003355472721832356e-03 9.781176147858939435e-03 1.184694470044596673e-02 -1.177734160410056708e-03
-1.699682884030350924e-04 7.180849271497492456e-04 -3.935988017376505473e-04 -1.656839520069754688e-04 -1.177734160410056708e-03 1.859532913170019531e-03
