# sigma8 ygk_Ahmc ygk_LOWZ__1_lM1_0 ygk_LOWZ__1_lMmin_0 ygk_mass_bias ygk_rhogy
2.544648625949680158e-03 -4.782032030299550492e-03 -4.526489400972067909e-03 -6.164736194160935247e-03 -6.706783834563605738e-03 -5.963178471114198185e-04
-4.782032030299550492e-03 3.236228117076202226e-02 -4.494844738170650049e-03 -1.056823159907238630e-03 1.138426452731257192e-02 5.079963572275821839e-04
-4.526489400972067909e-03 -4.494844738170650049e-03 2.681634644788042157e-02 2.786937659525089844e-02 1.306573832627652351e-02 1.293183825254933667e-03
-6.164736194160935247e-03 -1.056823159907238630e-03 2.786937659525089844e-02 3.027966479182755966e-02 1.723676134924802608e-02 1.687502105785750831e-03
-6.706783834563605738e-03 1.138426452731257192e-02 1.306573832627652351e-02 1.723676134924802608e-02 1.922408275068324818e-02 2.546287323067656988e-04
-5.963178471114198185e-04 5.079963572275821839e-04 1.293183825254933667e-03 1.687502105785750831e-03 2.546287323067656988e-04 1.950057179970281565e-03
