# sigma8 ygk_Ahmc ygk_LOWZ__2_lM1_0 ygk_LOWZ__2_lMmin_0 ygk_mass_bias ygk_rhogy
2.796261893577624627e-03 -2.946568433655792803e-03 -3.091228312069262043e-03 -4.835015684521349125e-03 -6.860241863720425472e-03 -9.735559672642594368e-04
-2.946568433655792803e-03 1.542932523503322620e-02 -1.177095116229091637e-03 7.337811735644504370e-04 6.688449146584028726e-03 1.086989670522875298e-03
-3.091228312069262043e-03 -1.177095116229091637e-03 1.109768503501999161e-02 1.191730808170585014e-02 7.183895810564478422e-03 1.135810002306151482e-03
-4.835015684521349125e-03 7.337811735644504370e-04 1.191730808170585014e-02 1.410256609522735939e-02 1.144428130047580282e-02 1.769135076731060980e-03
-6.860241863720425472e-03 6.688449146584028726e-03 7.183895810564478422e-03 1.144428130047580282e-02 1.816971359999392313e-02 1.348310461072944931e-03
-9.735559672642594368e-04 1.086989670522875298e-03 1.135810002306151482e-03 1.769135076731060980e-03 1.348310461072944931e-03 2.009810277443723273e-03
