# sigma8 ygk_Ahmc ygk_LOWZ__2_lM1_0 ygk_LOWZ__2_lMmin_0 ygk_mass_bias ygk_rhogy
2.558329584513305624e-03 -2.516454587709198581e-03 -2.021644597133214795e-03 -3.648492402606859884e-03 -6.739212052070694611e-03 -8.335699702645019225e-04
-2.516454587709198581e-03 1.444239817898099881e-02 -2.529680298778226415e-03 -7.765920553038504690e-04 6.140761984873521068e-03 7.965337223673655620e-04
-2.021644597133214795e-03 -2.529680298778226415e-03 8.455645414584423564e-03 8.582354594757478014e-03 5.308933839105788380e-03 7.596966201219757138e-04
-3.648492402606859884e-03 -7.765920553038504690e-04 8.582354594757478014e-03 1.003709537093282374e-02 9.568970740638574335e-03 1.314396639659465380e-03
-6.739212052070694611e-03 6.140761984873521068e-03 5.308933839105788380e-03 9.568970740638574335e-03 1.894965701334762331e-02 1.152233888601045730e-03
-8.335699702645019225e-04 7.965337223673655620e-04 7.596966201219757138e-04 1.314396639659465380e-03 1.152233888601045730e-03 2.008288015047796776e-03
