# sigma8 ygk_Ahmc ygk_LOWZ__2_lM1_0 ygk_LOWZ__2_lMmin_0 ygk_mass_bias ygk_rhogy
1.074001087610321984e-03 -1.205849643314692255e-03 -9.818127383897558985e-04 -1.637596479760691304e-03 -2.394195148267919647e-03 -5.772369531547883468e-04
-1.205849643314692255e-03 1.357314317383580271e-02 -3.544078947799211496e-03 -2.687367607595394971e-03 2.348542804339761800e-03 4.643450651094083300e-04
-9.818127383897558985e-04 -3.544078947799211496e-03 7.419170430026148476e-03 6.895332869289999903e-03 2.514933900147486075e-03 7.914713136711049035e-04
-1.637596479760691304e-03 -2.687367607595394971e-03 6.895332869289999903e-03 7.054622251878873637e-03 3.915856710381113853e-03 1.143397928619205176e-03
-2.394195148267919647e-03 2.348542804339761800e-03 2.514933900147486075e-03 3.915856710381113853e-03 6.072798956297185448e-03 3.489698905282538665e-04
-5.772369531547883468e-04 4.643450651094083300e-04 7.914713136711049035e-04 1.143397928619205176e-03 3.489698905282538665e-04 1.996764281735781670e-03
