# sigma8 ygk_Ahmc ygk_LOWZ__5_lM1_0 ygk_LOWZ__5_lMmin_0 ygk_mass_bias ygk_rhogy
1.768099322820663620e-03 -2.286881059921709244e-03 -5.678152168073311457e-04 -1.619354172392161676e-03 -4.355988128403289611e-03 -4.240382659074878771e-04
-2.286881059921709244e-03 2.712659523836016828e-02 6.805546277748826534e-03 4.535435119877339813e-03 5.681470555074312132e-03 -6.405285422140240227e-04
-5.678152168073311457e-04 6.805546277748826534e-03 1.044101810384838458e-02 7.414151298263308050e-03 1.271965740801965462e-03 1.833963462512936998e-04
-1.619354172392161676e-03 4.535435119877339813e-03 7.414151298263308050e-03 6.297599684610095255e-03 3.861234544637820367e-03 5.158979055410456557e-04
-4.355988128403289611e-03 5.681470555074312132e-03 1.271965740801965462e-03 3.861234544637820367e-03 1.173525483642920766e-02 -4.347520442004816952e-05
-4.240382659074878771e-04 -6.405285422140240227e-04 1.833963462512936998e-04 5.158979055410456557e-04 -4.347520442004816952e-05 2.149059841859826681e-03
