# sigma8 ygk_Ahmc ygk_LOWZ__5_lM1_0 ygk_LOWZ__5_lMmin_0 ygk_mass_bias ygk_rhogy
1.897377915710047941e-03 -2.631007045715132078e-03 -1.326187192509928076e-03 -2.377134736566741992e-03 -4.362006710000178311e-03 -4.029173238258142316e-04
-2.631007045715132078e-03 2.959197862939274767e-02 8.833263116470235418e-03 6.376629380325894020e-03 6.044365138790800361e-03 -5.964050811614496784e-04
-1.326187192509928076e-03 8.833263116470235418e-03 1.294187158980728350e-02 1.000438864041244651e-02 2.901495387574590072e-03 4.187202635033125697e-04
-2.377134736566741992e-03 6.376629380325894020e-03 1.000438864041244651e-02 8.970495523036907393e-03 5.322915019071575160e-03 6.963002088962154954e-04
-4.362006710000178311e-03 6.044365138790800361e-03 2.901495387574590072e-03 5.322915019071575160e-03 1.092801522340487892e-02 -4.175701088213514542e-05
-4.029173238258142316e-04 -5.964050811614496784e-04 4.187202635033125697e-04 6.963002088962154954e-04 -4.175701088213514542e-05 1.937299372530018517e-03
