# sigma8 ygk_Ahmc ygk_LOWZ__2_lM1_0 ygk_LOWZ__2_lMmin_0 ygk_mass_bias ygk_rhogy
2.147682248192995819e-03 -1.975546465022274926e-03 -3.868261741193677948e-04 -2.486196099123715725e-03 -5.596631828332490621e-03 -8.193697063409940713e-04
-1.975546465022274926e-03 1.396434142909669038e-02 -3.898034367016151719e-03 -1.985639874019509525e-03 4.783815633923144302e-03 6.722015626886276634e-04
-3.868261741193677948e-04 -3.898034367016151719e-03 5.580841931404645698e-03 5.102365258329264429e-03 1.082638520911070922e-03 2.258201865281822258e-04
-2.486196099123715725e-03 -1.985639874019509525e-03 5.102365258329264429e-03 6.902820876889849411e-03 6.543948874784784493e-03 1.054322399690842170e-03
-5.596631828332490621e-03 4.783815633923144302e-03 1.082638520911070922e-03 6.543948874784784493e-03 1.565010896811972613e-02 1.106428010864797789e-03
-8.193697063409940713e-04 6.722015626886276634e-04 2.258201865281822258e-04 1.054322399690842170e-03 1.106428010864797789e-03 2.029242546524552722e-03
