# sigma8 ygk_Ahmc ygk_LOWZ__2_lM1_0 ygk_LOWZ__2_lMmin_0 ygk_mass_bias ygk_rhogy
2.114967614091722067e-03 -1.997583971393808531e-03 -4.234224947289809936e-04 -2.479807590461832745e-03 -5.489062448386191305e-03 -7.937693850701922540e-04
-1.997583971393808531e-03 1.393899295059737413e-02 -3.853898178384189497e-03 -1.923705973307900368e-03 4.796076759039395385e-03 6.594146949664262975e-04
-4.234224947289809936e-04 -3.853898178384189497e-03 5.474767455706137931e-03 5.060830878831302539e-03 1.215257115929207175e-03 2.097570103931048653e-04
-2.479807590461832745e-03 -1.923705973307900368e-03 5.060830878831302539e-03 6.863154599678847161e-03 6.535464255284598525e-03 1.014229694275271777e-03
-5.489062448386191305e-03 4.796076759039395385e-03 1.215257115929207175e-03 6.535464255284598525e-03 1.530556722217124750e-02 1.027744858727872804e-03
-7.937693850701922540e-04 6.594146949664262975e-04 2.097570103931048653e-04 1.014229694275271777e-03 1.027744858727872804e-03 2.008658903104939761e-03
