# sigma8 ygk_Ahmc ygk_LOWZ__2_lM1_0 ygk_LOWZ__2_lMmin_0 ygk_mass_bias ygk_rhogy
2.314628686856761569e-03 -2.336470511269343481e-03 -4.534850141327906943e-04 -2.695128127470102809e-03 -5.982744892025740509e-03 -7.954040498752561498e-04
-2.336470511269343481e-03 1.480570167198795584e-02 -3.724982005872737138e-03 -1.523607443928926995e-03 5.581645180262287398e-03 7.959411660466182833e-04
-4.534850141327906943e-04 -3.724982005872737138e-03 5.760579818848346814e-03 5.326228592749029239e-03 1.253736385971072681e-03 2.780621624004846431e-04
-2.695128127470102809e-03 -1.523607443928926995e-03 5.326228592749029239e-03 7.293270099720611244e-03 7.033339210840803581e-03 1.069928827842069790e-03
-5.982744892025740509e-03 5.581645180262287398e-03 1.253736385971072681e-03 7.033339210840803581e-03 1.663078172359671453e-02 9.750707570192192024e-04
-7.954040498752561498e-04 7.959411660466182833e-04 2.780621624004846431e-04 1.069928827842069790e-03 9.750707570192192024e-04 1.984306586850168204e-03
