# sigma8 ygk_Ahmc ygk_LOWZ__3_lM1_0 ygk_LOWZ__3_lMmin_0 ygk_mass_bias ygk_rhogy
1.142327016356225891e-03 -1.489749822680057172e-03 8.740127133736958018e-04 -3.088959920618312874e-04 -2.815290057708605496e-03 -2.794981502472989091e-04
-1.489749822680057172e-03 1.377737154747970053e-02 -4.129768552701843301e-03 -2.800519252781909999e-03 3.432660334021154624e-03 1.770556288849059343e-05
8.740127133736958018e-04 -4.129768552701843301e-03 4.815049259858580899e-03 3.131031596986656555e-03 -2.018982673353256728e-03 -4.487683443138481681e-05
-3.088959920618312874e-04 -2.800519252781909999e-03 3.131031596986656555e-03 2.901399027498153746e-03 8.792374369136605767e-04 2.454503069973319371e-04
-2.815290057708605496e-03 3.432660334021154624e-03 -2.018982673353256728e-03 8.792374369136605767e-04 7.508203256258632989e-03 -9.575723643334304897e-05
-2.794981502472989091e-04 1.770556288849059343e-05 -4.487683443138481681e-05 2.454503069973319371e-04 -9.575723643334304897e-05 1.722019421208107436e-03
