# sigma8 ygk_Ahmc ygk_LOWZ__3_lM1_0 ygk_LOWZ__3_lMmin_0 ygk_mass_bias ygk_rhogy
1.412989157394947681e-03 -1.774906085920450148e-03 9.920554734427413247e-04 -4.651612668831758921e-04 -3.508023265101858738e-03 -3.303131547220444146e-04
-1.774906085920450148e-03 1.360594394891668363e-02 -3.857026702976416605e-03 -2.282312516169279076e-03 4.074981656865277538e-03 2.752806082777869523e-04
9.920554734427413247e-04 -3.857026702976416605e-03 4.948193706124969296e-03 3.093415973582553519e-03 -2.425889685085406890e-03 -1.011227684840602806e-04
-4.651612668831758921e-04 -2.282312516169279076e-03 3.093415973582553519e-03 2.987626851025170643e-03 1.200341414900397844e-03 2.319159430454032335e-04
-3.508023265101858738e-03 4.074981656865277538e-03 -2.425889685085406890e-03 1.200341414900397844e-03 9.341917120769042265e-03 9.431673300678650390e-05
-3.303131547220444146e-04 2.752806082777869523e-04 -1.011227684840602806e-04 2.319159430454032335e-04 9.431673300678650390e-05 1.618620381961698249e-03
