# sigma8 ygk_LOWZ__3_lM1_0 ygk_LOWZ__3_lMmin_0 ygk_alpha ygk_mass_bias ygk_rhogy
9.529869398017890838e-04 2.087767878788012333e-03 1.307155359300997107e-03 6.019999882538208799e-04 -2.765075393910548362e-03 -1.182028645479322885e-03
2.087767878788012333e-03 2.585872526378981545e-02 2.262331786394372948e-02 3.977987391764555361e-03 -2.094721260727812513e-03 -4.967659038352167065e-03
1.307155359300997107e-03 2.262331786394372948e-02 2.061693229626428495e-02 3.656602969007921762e-03 2.666555815977301818e-04 -4.247114137363840539e-03
6.019999882538208799e-04 3.977987391764555361e-03 3.656602969007921762e-03 1.006751493457847674e-03 -9.586318089216063930e-04 -1.339892865352692577e-03
-2.765075393910548362e-03 -2.094721260727812513e-03 2.666555815977301818e-04 -9.586318089216063930e-04 1.071505468796956836e-02 -5.306976132645140455e-04
-1.182028645479322885e-03 -4.967659038352167065e-03 -4.247114137363840539e-03 -1.339892865352692577e-03 -5.306976132645140455e-04 9.449957271468316725e-03
