# sigma8 ygk_LOWZ__5_lM1_0 ygk_LOWZ__5_lMmin_0 ygk_alpha ygk_mass_bias ygk_rhogy
1.418862918000432299e-03 -1.082798443177184107e-02 -1.117725480087127313e-02 4.086539338974929541e-04 -2.786138485066535185e-03 -5.873379755831683452e-04
-1.082798443177184107e-02 7.264117173905418889e-01 6.339710513003496972e-01 1.899570491316353998e-02 2.783483647005252290e-02 9.807298149677853762e-04
-1.117725480087127313e-02 6.339710513003496972e-01 5.563888965141128295e-01 1.628984445398254724e-02 2.764597537933499716e-02 1.582031469441784292e-03
4.086539338974929541e-04 1.899570491316353998e-02 1.628984445398254724e-02 2.002250834773226795e-03 -2.916225717284707804e-04 -4.360598814890849929e-04
-2.786138485066535185e-03 2.783483647005252290e-02 2.764597537933499716e-02 -2.916225717284707804e-04 6.586003274076035301e-03 -6.466538110783164517e-04
-5.873379755831683452e-04 9.807298149677853762e-04 1.582031469441784292e-03 -4.360598814890849929e-04 -6.466538110783164517e-04 4.097551234462066573e-03
