# sigma8 ygk_Ahmc ygk_LOWZ__5_lM1_0 ygk_LOWZ__5_lMmin_0 ygk_mass_bias ygk_rhogy
1.459189209234537307e-03 -2.349068028088902027e-03 -1.819546269962370611e-03 -3.168726256874478467e-03 -2.646490319631807173e-03 -3.111719781433218250e-04
-2.349068028088902027e-03 2.818073913384878601e-02 1.714306639403674962e-02 1.437731252720255738e-02 4.294398594873875472e-03 -6.598257425016156984e-04
-1.819546269962370611e-03 1.714306639403674962e-02 3.646309274706558551e-02 3.060087591420365682e-02 3.258831518004634640e-03 1.251036494220112555e-04
-3.168726256874478467e-03 1.437731252720255738e-02 3.060087591420365682e-02 2.792125472154994431e-02 5.686937772052703434e-03 5.625677339881295352e-04
-2.646490319631807173e-03 4.294398594873875472e-03 3.258831518004634640e-03 5.686937772052703434e-03 5.304532095989376861e-03 -2.580081319996087807e-04
-3.111719781433218250e-04 -6.598257425016156984e-04 1.251036494220112555e-04 5.625677339881295352e-04 -2.580081319996087807e-04 2.224701131394439969e-03
