# sigma8 ygk_Ahmc ygk_LOWZ__5_lM1_0 ygk_LOWZ__5_lMmin_0 ygk_mass_bias ygk_rhogy
2.323631808079464501e-03 -2.789824751931492108e-03 -6.240428909329032983e-04 -2.037400961562043939e-03 -5.920971940713247450e-03 -6.001782724681870495e-04
-2.789824751931492108e-03 2.789110653426562364e-02 6.246887124009278987e-03 4.433345662228371960e-03 7.109344648016903238e-03 -5.770159404046794251e-04
-6.240428909329032983e-04 6.246887124009278987e-03 9.773070329532684147e-03 6.947839394486477263e-03 1.323879552379403531e-03 3.150115594701941002e-04
-2.037400961562043939e-03 4.433345662228371960e-03 6.947839394486477263e-03 6.229440593301472338e-03 4.964668345965783137e-03 7.277662622542752872e-04
-5.920971940713247450e-03 7.109344648016903238e-03 1.323879552379403531e-03 4.964668345965783137e-03 1.615521781811631724e-02 4.922623700537865883e-04
-6.001782724681870495e-04 -5.770159404046794251e-04 3.150115594701941002e-04 7.277662622542752872e-04 4.922623700537865883e-04 2.200756142561556637e-03
