# sigma8 ygk_Ahmc ygk_LOWZ__5_lM1_0 ygk_LOWZ__5_lMmin_0 ygk_mass_bias ygk_rhogy
1.773043176669732851e-03 -2.220127209383443434e-03 -3.960370762414719198e-04 -1.467042443692042307e-03 -4.664830403409458634e-03 -4.312614756151656901e-04
-2.220127209383443434e-03 2.760305410035076429e-02 6.556428342345461437e-03 4.159901786051497033e-03 5.883646437467944003e-03 -5.846044639214416968e-04
-3.960370762414719198e-04 6.556428342345461437e-03 9.735415223267894491e-03 6.683914405077079519e-03 9.503300346602120818e-04 1.424043319482116759e-04
-1.467042443692042307e-03 4.159901786051497033e-03 6.683914405077079519e-03 5.582624910034552496e-03 3.772889486981640100e-03 4.659805362367922823e-04
-4.664830403409458634e-03 5.883646437467944003e-03 9.503300346602120818e-04 3.772889486981640100e-03 1.327178208766420335e-02 3.698070647317609722e-05
-4.312614756151656901e-04 -5.846044639214416968e-04 1.424043319482116759e-04 4.659805362367922823e-04 3.698070647317609722e-05 2.175474010535282440e-03
