# sigma8 ygk_Ahmc ygk_LOWZ__1_lM1_0 ygk_LOWZ__1_lMmin_0 ygk_mass_bias ygk_rhogy
1.252612724886027675e-03 -2.374654624403187055e-03 -2.308627050008896925e-03 -3.113267525139028907e-03 -2.593011048112730046e-03 -7.791780211582721282e-04
-2.374654624403187055e-03 2.238772286215789942e-02 -5.761656905176277231e-03 -4.077270898474641067e-03 4.540643279923228283e-03 6.606089137187313477e-04
-2.308627050008896925e-03 -5.761656905176277231e-03 2.149409957509120297e-02 2.122544284162082920e-02 5.460214020332618094e-03 2.083451867467385303e-03
-3.113267525139028907e-03 -4.077270898474641067e-03 2.122544284162082920e-02 2.175415144716208796e-02 7.023864462314293941e-03 2.563102787674596816e-03
-2.593011048112730046e-03 4.540643279923228283e-03 5.460214020332618094e-03 7.023864462314293941e-03 6.362900489569378419e-03 3.916769885724346147e-04
-7.791780211582721282e-04 6.606089137187313477e-04 2.083451867467385303e-03 2.563102787674596816e-03 3.916769885724346147e-04 2.476829991557156097e-03
