# sigma8 ygk_Ahmc ygk_LOWZ__1_lM1_0 ygk_LOWZ__1_lMmin_0 ygk_mass_bias ygk_rhogy
1.072329735526402275e-03 -2.273980952057153698e-03 -1.484086045621339734e-03 -2.192162606938299202e-03 -2.314553428617830474e-03 -5.996617618292428417e-04
-2.273980952057153698e-03 2.259533160886014955e-02 -6.340688940517358145e-03 -4.659004285831245401e-03 4.319753483128609128e-03 6.958314759593093451e-04
-1.484086045621339734e-03 -6.340688940517358145e-03 1.802102342909226232e-02 1.719985855384563445e-02 4.227387240042105102e-03 1.097234882334537347e-03
-2.192162606938299202e-03 -4.659004285831245401e-03 1.719985855384563445e-02 1.714020809369985396e-02 5.635684800632822372e-03 1.487502084901745712e-03
-2.314553428617830474e-03 4.319753483128609128e-03 4.227387240042105102e-03 5.635684800632822372e-03 5.979561409053769580e-03 8.215610596517438345e-05
-5.996617618292428417e-04 6.958314759593093451e-04 1.097234882334537347e-03 1.487502084901745712e-03 8.215610596517438345e-05 2.332428841986586895e-03
