# sigma8 ygk_Ahmcgg ygk_Ahmcgm ygk_Ahmcgy ygk_LOWZ__2_lM1_0 ygk_LOWZ__2_lMmin_0 ygk_mass_bias ygk_rhogy
3.675581657575404532e-03 -2.764681448648431076e-03 -1.223940512322191539e-02 -2.559231997852869263e-03 -6.770949322058531818e-03 -8.925950048148653670e-03 -7.744459625570754464e-03 -1.145153097501712966e-03
-2.764681448648431076e-03 1.390439525070807057e-02 1.203602288628953867e-02 4.717298683281888512e-03 2.243882216313800037e-04 1.833488536967352832e-03 5.705508966300282606e-03 1.424746878862678551e-03
-1.223940512322191539e-02 1.203602288628953867e-02 1.401740731309840116e-01 9.037975981525777497e-03 1.749415753520295116e-02 2.489131674561017443e-02 2.782830289980574995e-02 3.564624907918297145e-03
-2.559231997852869263e-03 4.717298683281888512e-03 9.037975981525777497e-03 8.987876582020180860e-02 4.948616239278937241e-03 6.289332805927255396e-03 2.080239027983681998e-03 -4.038444626854291106e-03
-6.770949322058531818e-03 2.243882216313801393e-04 1.749415753520295116e-02 4.948616239278937241e-03 2.384440232886183425e-02 2.665178591125791363e-02 1.329969059077002781e-02 1.949977958325176250e-03
-8.925950048148653670e-03 1.833488536967352832e-03 2.489131674561017443e-02 6.289332805927256263e-03 2.665178591125791363e-02 3.097413806677522946e-02 1.784828513656816149e-02 2.638807462375340664e-03
-7.744459625570754464e-03 5.705508966300282606e-03 2.782830289980574995e-02 2.080239027983681998e-03 1.329969059077002781e-02 1.784828513656816149e-02 1.764828192807137500e-02 1.731071142644869700e-03
-1.145153097501712966e-03 1.424746878862678551e-03 3.564624907918297145e-03 -4.038444626854291106e-03 1.949977958325176250e-03 2.638807462375340664e-03 1.731071142644869700e-03 2.208669119316122864e-03
