# sigma8 ygk_Ahmcgg ygk_Ahmcgm ygk_Ahmcgy ygk_LOWZ__2_lM1_0 ygk_LOWZ__2_lMmin_0 ygk_mass_bias ygk_rhogy
3.456938712878417867e-03 -2.632812131524097602e-03 -1.100920484385299082e-02 -2.306853446538186404e-03 -6.965198564341670319e-03 -8.964384364033404703e-03 -7.039054514518614664e-03 -1.050637149366039601e-03
-2.632812131524097602e-03 1.395407769939728884e-02 1.128343605591342232e-02 4.730887227931204753e-03 4.852226298564370774e-04 2.005767078559690317e-03 5.164970908617164645e-03 1.444881105930575366e-03
-1.100920484385299082e-02 1.128343605591342232e-02 1.273431469936898985e-01 9.855707185937799888e-03 1.714456687815679031e-02 2.383870674228881839e-02 2.384806654304792370e-02 3.203699240904898417e-03
-2.306853446538186404e-03 4.730887227931204753e-03 9.855707185937801623e-03 9.254760177016259359e-02 4.077236109601640839e-03 5.311694283544756735e-03 1.206203860311181328e-03 -3.965251763416246383e-03
-6.965198564341670319e-03 4.852226298564370232e-04 1.714456687815679031e-02 4.077236109601640839e-03 2.527032838626733224e-02 2.813923776589811673e-02 1.346594060754633358e-02 1.986887263126465610e-03
-8.964384364033404703e-03 2.005767078559690317e-03 2.383870674228881839e-02 5.311694283544756735e-03 2.813923776589811673e-02 3.241844520599983237e-02 1.751869881226030684e-02 2.612023411376437464e-03
-7.039054514518614664e-03 5.164970908617164645e-03 2.384806654304792370e-02 1.206203860311181328e-03 1.346594060754633358e-02 1.751869881226030684e-02 1.549205600956246598e-02 1.494193934799533351e-03
-1.050637149366039601e-03 1.444881105930575366e-03 3.203699240904898850e-03 -3.965251763416246383e-03 1.986887263126465610e-03 2.612023411376437464e-03 1.494193934799533351e-03 2.118422570136879995e-03
