# sigma8 ygk_Ahmcgg ygk_Ahmcgm ygk_Ahmcgy ygk_LOWZ__2_lM1_0 ygk_LOWZ__2_lMmin_0 ygk_mass_bias ygk_rhogy
4.114533423908289626e-03 -3.172526787796069864e-03 -1.274357228424673541e-02 -2.722251631654036986e-03 -8.300803370259124403e-03 -1.071100513033361457e-02 -8.572544495488863131e-03 -1.271140788483583793e-03
-3.172526787796069864e-03 1.409933606296849377e-02 1.274216168363438359e-02 5.272818623616267429e-03 1.540284794645103462e-03 3.401411160606445695e-03 6.458938369623472460e-03 1.515609086925184942e-03
-1.274357228424673368e-02 1.274216168363438359e-02 1.394273129024406199e-01 9.594410978292092565e-03 2.006278926978321067e-02 2.770345761389326339e-02 2.851002353725578045e-02 3.765518111781932051e-03
-2.722251631654037853e-03 5.272818623616267429e-03 9.594410978292092565e-03 9.094959818949088781e-02 5.221249029394333177e-03 6.749942633935397326e-03 2.376564948409610242e-03 -4.172040427488451012e-03
-8.300803370259124403e-03 1.540284794645103462e-03 2.006278926978321067e-02 5.221249029394333177e-03 3.041015075749930671e-02 3.413621794426775075e-02 1.591165002393862132e-02 2.384927633477242678e-03
-1.071100513033361457e-02 3.401411160606445695e-03 2.770345761389326339e-02 6.749942633935397326e-03 3.413621794426775075e-02 3.952241441388690268e-02 2.093452124584248980e-02 3.151177248600390071e-03
-8.572544495488863131e-03 6.458938369623472460e-03 2.851002353725578045e-02 2.376564948409610242e-03 1.591165002393862132e-02 2.093452124584248980e-02 1.926569619092785221e-02 1.975296742587280812e-03
-1.271140788483583793e-03 1.515609086925184942e-03 3.765518111781932051e-03 -4.172040427488451012e-03 2.384927633477242678e-03 3.151177248600390071e-03 1.975296742587280812e-03 2.241745820447374818e-03
