# sigma8 ygk_Ahmcgg ygk_Ahmcgm ygk_Ahmcgy ygk_LOWZ__2_lM1_0 ygk_LOWZ__2_lMmin_0 ygk_mass_bias ygk_rhogy
4.255087262476651803e-03 -3.298199992234971192e-03 -1.416038262466991042e-02 -3.111338571826448123e-03 -7.607190412744740081e-03 -1.013336913347328942e-02 -9.295414442342268824e-03 -1.251139432218061976e-03
-3.298199992234971192e-03 1.374805391468970385e-02 1.329578570857059723e-02 5.731104613694915952e-03 1.232644437280118552e-03 3.217110831666123143e-03 6.942720124265866141e-03 1.506385061818263892e-03
-1.416038262466991042e-02 1.329578570857059723e-02 1.493520098542056584e-01 1.272662148069814321e-02 2.015711052154866775e-02 2.888461541330506269e-02 3.245600358063419760e-02 4.153646734753730502e-03
-3.111338571826448123e-03 5.731104613694915952e-03 1.272662148069814321e-02 9.209754228826885769e-02 4.635109295622955039e-03 6.344796117130389358e-03 3.636747945700276406e-03 -4.038978291692386750e-03
-7.607190412744740081e-03 1.232644437280118119e-03 2.015711052154866081e-02 4.635109295622955039e-03 2.612022551760182984e-02 2.939486808503889020e-02 1.550063809537960066e-02 2.147564973220876961e-03
-1.013336913347328942e-02 3.217110831666123143e-03 2.888461541330506269e-02 6.344796117130389358e-03 2.939486808503889020e-02 3.442989511530841762e-02 2.102944727882144135e-02 2.922119112692367956e-03
-9.295414442342268824e-03 6.942720124265866141e-03 3.245600358063419760e-02 3.636747945700276406e-03 1.550063809537960066e-02 2.102944727882144135e-02 2.168332377554976764e-02 2.073657707409637396e-03
-1.251139432218061976e-03 1.506385061818263892e-03 4.153646734753730502e-03 -4.038978291692386750e-03 2.147564973220876961e-03 2.922119112692367956e-03 2.073657707409637396e-03 2.175855198732290149e-03
