# sigma8 ygk_Ahmcgg ygk_Ahmcgm ygk_Ahmcgy ygk_LOWZ__2_lM1_0 ygk_LOWZ__2_lMmin_0 ygk_mass_bias ygk_rhogy
4.212573712488089199e-03 -3.185918287958788148e-03 -1.245521096530710983e-02 -3.033257161465458332e-03 -8.871461327265569435e-03 -1.131246099948063008e-02 -8.687884137066979179e-03 -1.288874571656403603e-03
-3.185918287958788148e-03 1.425287912204326567e-02 1.219061256088572499e-02 5.647829024352562545e-03 1.785078773223949984e-03 3.633006926659405715e-03 6.362117605561427858e-03 1.542142637787174237e-03
-1.245521096530710983e-02 1.219061256088572499e-02 1.349553526520216873e-01 1.037523919031646188e-02 2.107983242611777275e-02 2.841881606915720032e-02 2.740928414965657436e-02 3.676866860736745322e-03
-3.033257161465458332e-03 5.647829024352562545e-03 1.037523919031646188e-02 9.165421448200915255e-02 5.832906724396626566e-03 7.543325636266056365e-03 2.929283352715634885e-03 -4.001330598679186078e-03
-8.871461327265569435e-03 1.785078773223949767e-03 2.107983242611777275e-02 5.832906724396626566e-03 3.261948890919739302e-02 3.664802318766184619e-02 1.702467758715139542e-02 2.557686358303651927e-03
-1.131246099948063008e-02 3.633006926659405715e-03 2.841881606915720379e-02 7.543325636266055498e-03 3.664802318766184619e-02 4.233520340254573466e-02 2.204880429524371313e-02 3.322494977129867091e-03
-8.687884137066979179e-03 6.362117605561427858e-03 2.740928414965657436e-02 2.929283352715635318e-03 1.702467758715139542e-02 2.204880429524371313e-02 1.927084101554633541e-02 1.956533557386889131e-03
-1.288874571656403603e-03 1.542142637787174237e-03 3.676866860736745755e-03 -4.001330598679186078e-03 2.557686358303651927e-03 3.322494977129867091e-03 1.956533557386889131e-03 2.263700710461322152e-03
