# sigma8 ygk_Ahmc ygk_LOWZ__2_lM1_0 ygk_LOWZ__2_lMmin_0 ygk_mass_bias ygk_rhogy
2.876973162734755476e-03 -3.765905074642246757e-03 -2.114412447683618017e-03 -3.949311039198505173e-03 -7.330421142082874271e-03 -1.129548945683064593e-03
-3.765905074642246757e-03 2.175920057933849669e-02 -1.322124734844176003e-03 6.798672060194980256e-04 8.904411749189985320e-03 1.352103693389103412e-03
-2.114412447683618017e-03 -1.322124734844176003e-03 8.224213998462423167e-03 8.442554139284118644e-03 5.230243760278233470e-03 9.727332486880702848e-04
-3.949311039198505173e-03 6.798672060194980256e-04 8.442554139284118644e-03 1.013417032357922555e-02 9.943017764359726729e-03 1.676366652872862640e-03
-7.330421142082874271e-03 8.904411749189985320e-03 5.230243760278233470e-03 9.943017764359726729e-03 2.000294860807188060e-02 1.652014871853528652e-03
-1.129548945683064593e-03 1.352103693389103412e-03 9.727332486880702848e-04 1.676366652872862640e-03 1.652014871853528652e-03 2.317934115363212699e-03
