# sigma8 ygk_Ahmc ygk_LOWZ__2_lM1_0 ygk_LOWZ__2_lMmin_0 ygk_LOWZ__2_wz ygk_mass_bias ygk_rhogy
6.593659313874820048e-05 4.596045957683595178e-05 4.954343695857914553e-05 -7.388903722070379383e-06 -2.401231727580291665e-05 -1.094751671957144178e-04 -1.189126649054993208e-05
4.596045957683595178e-05 5.120955398025678340e-04 1.790712051033100958e-05 -4.206924001447517278e-05 -3.114946662850801918e-05 -3.250894581920647108e-05 -6.318750682601449633e-05
4.954343695857914553e-05 1.790712051033100958e-05 4.415863919152011353e-04 3.256411293377062298e-04 -8.961497961766811174e-05 -4.050229171545321159e-05 -1.006105745159407218e-04
-7.388903722070379383e-06 -4.206924001447517278e-05 3.256411293377062298e-04 3.334247042650787885e-04 -1.335785294011817474e-04 2.470796955840018190e-05 -5.403503854930254423e-05
-2.401231727580291665e-05 -3.114946662850801918e-05 -8.961497961766811174e-05 -1.335785294011817474e-04 2.239809122905126175e-04 9.975541279396277206e-05 2.658915294659678266e-05
-1.094751671957144178e-04 -3.250894581920647108e-05 -4.050229171545321159e-05 2.470796955840018190e-05 9.975541279396277206e-05 4.047153730539951831e-04 -1.895933341590761139e-04
-1.189126649054993208e-05 -6.318750682601449633e-05 -1.006105745159407218e-04 -5.403503854930254423e-05 2.658915294659678266e-05 -1.895933341590761139e-04 4.126206987550896411e-04
