# sigma8 ygk_Ahmc ygk_LOWZ__2_lM1_0 ygk_LOWZ__2_lMmin_0 ygk_mass_bias ygk_rhogy
2.005278409800266733e-03 -1.856278237241879622e-03 -9.688592511307676314e-04 -2.295942821798751480e-03 -5.647698633578014313e-03 -7.072962630724796522e-04
-1.856278237241879622e-03 1.360380198285121404e-02 -3.503148875916642802e-03 -2.039184643392293311e-03 4.721091954054849188e-03 7.485624794243779436e-04
-9.688592511307676314e-04 -3.503148875916642802e-03 6.598919920978816613e-03 6.041820199329683665e-03 2.952445396940853173e-03 3.418546692313995691e-04
-2.295942821798751480e-03 -2.039184643392293311e-03 6.041820199329683665e-03 6.684292694359605068e-03 6.633652704413643166e-03 8.422268539596926284e-04
-5.647698633578014313e-03 4.721091954054849188e-03 2.952445396940853173e-03 6.633652704413643166e-03 1.709936661738472793e-02 8.891922180901151067e-04
-7.072962630724796522e-04 7.485624794243779436e-04 3.418546692313995691e-04 8.422268539596926284e-04 8.891922180901151067e-04 1.988908363034603416e-03
