# sigma8 ygk_Ahmc ygk_LOWZ__0_lM1_0 ygk_LOWZ__0_lMmin_0 ygk_mass_bias ygk_rhogy
2.551305115567885796e-04 7.266505665417565559e-06 4.211355315696671889e-05 -8.313405870586019117e-06 -1.873041915247875466e-04 1.013356321869836074e-04
7.266505665417565559e-06 7.676785219936707724e-04 1.615467248724397633e-05 -6.602336681604847098e-05 -3.031250971798254412e-05 4.393389940440410374e-05
4.211355315696671889e-05 1.615467248724397633e-05 5.295141417128093738e-04 3.133173068075020612e-04 -1.150450159524152316e-04 -2.543315401399441056e-05
-8.313405870586019117e-06 -6.602336681604847098e-05 3.133173068075020612e-04 2.757565171959825410e-04 4.224724657257520748e-05 8.198271318812923208e-06
-1.873041915247875466e-04 -3.031250971798254412e-05 -1.150450159524152316e-04 4.224724657257520748e-05 4.425678978047884056e-04 -1.753526451900613815e-04
1.013356321869836074e-04 4.393389940440410374e-05 -2.543315401399441056e-05 8.198271318812923208e-06 -1.753526451900613815e-04 5.504879349165322155e-04
