# sigma8 ygk_Ahmc ygk_LOWZ__2_lM1_0 ygk_LOWZ__2_lMmin_0 ygk_mass_bias ygk_rhogy
2.284878296980365816e-03 -2.437461803955208537e-03 -1.584550133902617834e-03 -3.270576500473540080e-03 -5.872741395638900012e-03 -7.425037656525819603e-04
-2.437461803955208537e-03 1.508996321632059476e-02 -3.010108596214478450e-03 -1.138779002051645232e-03 5.774858469758509770e-03 7.441522534889908518e-04
-1.584550133902617834e-03 -3.010108596214478450e-03 8.345100574805943555e-03 8.367707739065028197e-03 4.097685316837454059e-03 6.000608333115065203e-04
-3.270576500473540080e-03 -1.138779002051645232e-03 8.367707739065028197e-03 9.918007399303287869e-03 8.405279764300086637e-03 1.179888186914315870e-03
-5.872741395638900012e-03 5.774858469758509770e-03 4.097685316837454059e-03 8.405279764300086637e-03 1.622613193802143264e-02 8.652438454165815992e-04
-7.425037656525819603e-04 7.441522534889908518e-04 6.000608333115065203e-04 1.179888186914315870e-03 8.652438454165815992e-04 2.070119532961477073e-03
