# sigma8 ygk_Ahmc ygk_LOWZ__2_lM1_0 ygk_LOWZ__2_lMmin_0 ygk_mass_bias ygk_rhogy
2.286503146925939357e-03 -2.367369303424637656e-03 -1.427817192524906019e-03 -3.140150971767261684e-03 -5.882310212573887281e-03 -7.672654725776123985e-04
-2.367369303424637656e-03 1.450426124560083053e-02 -3.175244434647290191e-03 -1.327784225439204453e-03 5.746735089532556927e-03 6.712354653287245067e-04
-1.427817192524906019e-03 -3.175244434647290191e-03 7.943352327192287898e-03 7.897279908790336492e-03 3.673043421548469276e-03 6.552749902447832682e-04
-3.140150971767261684e-03 -1.327784225439204453e-03 7.897279908790336492e-03 9.409525864965113603e-03 8.063454724210980529e-03 1.243484071300552047e-03
-5.882310212573887281e-03 5.746735089532556927e-03 3.673043421548469276e-03 8.063454724210980529e-03 1.622384590123194734e-02 9.202887892718673813e-04
-7.672654725776123985e-04 6.712354653287245067e-04 6.552749902447832682e-04 1.243484071300552047e-03 9.202887892718673813e-04 2.082762026023182028e-03
