# sigma8 ygk_Ahmc ygk_LOWZ__4_lM1_0 ygk_LOWZ__4_lMmin_0 ygk_mass_bias ygk_rhogy
9.862802006801843263e-05 6.043396899980245796e-05 4.712925904462819145e-05 -2.793894220495720871e-05 -2.376276868757466764e-04 -4.045191326752342201e-06
6.043396899980245796e-05 4.611936956643072558e-03 3.019662937406825229e-04 -1.906965486136503497e-04 -1.342909694930394953e-04 -3.151375953335630478e-04
4.712925904462819145e-05 3.019662937406825229e-04 6.978331928313366442e-04 4.079886180221913906e-04 -2.739610719528277850e-04 2.546760729553022937e-04
-2.793894220495720871e-05 -1.906965486136503497e-04 4.079886180221913906e-04 3.148581541291949211e-04 -3.755020239647219955e-05 2.217282788595407669e-04
-2.376276868757466764e-04 -1.342909694930394953e-04 -2.739610719528277850e-04 -3.755020239647219955e-05 1.071284243843404057e-03 -6.966054314467680581e-04
-4.045191326752342201e-06 -3.151375953335630478e-04 2.546760729553022937e-04 2.217282788595407669e-04 -6.966054314467680581e-04 1.670638011844852036e-03
