# sigma8 ygk_Ahmcgg ygk_Ahmcgm ygk_Ahmcgy ygk_LOWZ__2_lM1_0 ygk_LOWZ__2_lMmin_0 ygk_mass_bias ygk_rhogy
2.635057821557541726e-03 -2.081981728743574275e-03 -9.846182841785379447e-03 -3.087233338512330137e-03 -3.719599065938779692e-03 -5.265957468307445703e-03 -5.642899768825537787e-03 -9.009611397786278361e-04
-2.081981728743574275e-03 1.850048192612863823e-02 1.074869079007568541e-02 7.072708951283214994e-03 -1.676683727857960094e-03 -9.961336024657064039e-04 4.401311776812673847e-03 1.231668080469871000e-03
-9.846182841785379447e-03 1.074869079007568715e-02 1.356990342304646713e-01 2.970374779497440831e-02 1.049428183786373960e-02 1.642356390020102697e-02 2.130528683407140189e-02 2.295994768837056072e-03
-3.087233338512330137e-03 7.072708951283214994e-03 2.970374779497440831e-02 1.019965168706168934e-01 3.868896888727720463e-03 5.229901379692783632e-03 2.994977118421721877e-03 -4.888346461135822246e-03
-3.719599065938779692e-03 -1.676683727857960094e-03 1.049428183786373960e-02 3.868896888727720463e-03 1.309327598899761962e-02 1.424793803692291257e-02 7.931239640047115652e-03 9.549440032283545380e-04
-5.265957468307445703e-03 -9.961336024657064039e-04 1.642356390020102697e-02 5.229901379692783632e-03 1.424793803692291257e-02 1.657567630236412778e-02 1.122365640176185668e-02 1.490359593421799024e-03
-5.642899768825537787e-03 4.401311776812673847e-03 2.130528683407140189e-02 2.994977118421721877e-03 7.931239640047115652e-03 1.122365640176185668e-02 1.307193147600861464e-02 1.237081591929904299e-03
-9.009611397786278361e-04 1.231668080469871217e-03 2.295994768837056072e-03 -4.888346461135822246e-03 9.549440032283545380e-04 1.490359593421799024e-03 1.237081591929904299e-03 2.248959138183997692e-03
