# sigma8 ygk_Ahmc ygk_LOWZ__5_lM1_0 ygk_LOWZ__5_lMmin_0 ygk_mass_bias ygk_rhogy
1.806467587395049453e-03 -2.154037448847752941e-03 5.888523214241932029e-04 -1.115338818291376722e-03 -4.465852658767272693e-03 -5.312645713756940875e-04
-2.154037448847752941e-03 2.696728491465773606e-02 4.503146513610612779e-03 3.208295689399944146e-03 5.343525052927369096e-03 -4.939352507310527073e-04
5.888523214241932029e-04 4.503146513610612779e-03 8.592695870878934092e-03 5.416570232791149964e-03 -1.517464643619807676e-03 -6.541736976405218215e-05
-1.115338818291376722e-03 3.208295689399944146e-03 5.416570232791149964e-03 4.843571724495020908e-03 2.707504671757721831e-03 4.900920069562089611e-04
-4.465852658767272693e-03 5.343525052927369096e-03 -1.517464643619807676e-03 2.707504671757721831e-03 1.200963313999745506e-02 2.628463743398390309e-04
-5.312645713756940875e-04 -4.939352507310527073e-04 -6.541736976405218215e-05 4.900920069562089611e-04 2.628463743398390309e-04 2.150070580539244734e-03
