# sigma8 ygk_Ahmc ygk_LOWZ__1_lM1_0 ygk_LOWZ__1_lMmin_0 ygk_mass_bias ygk_rhogy
3.174886587930306030e-03 -7.637336629621234267e-03 -3.271694721850017251e-02 -3.577906238766526137e-02 -5.281283150359226269e-03 -6.035398613348655697e-04
-7.637336629621234267e-03 3.282961789710125283e-02 4.862756895050832778e-02 5.559636888070428051e-02 1.195908412830158467e-02 1.946492316710207292e-03
-3.271694721850017251e-02 4.862756895050832778e-02 6.453769241346467567e-01 6.823541261120782409e-01 5.439087843819371410e-02 6.422440128496586381e-03
-3.577906238766526137e-02 5.559636888070428051e-02 6.823541261120782409e-01 7.225810575988631523e-01 5.933495615999618417e-02 7.082583992366693094e-03
-5.281283150359226269e-03 1.195908412830158467e-02 5.439087843819371410e-02 5.933495615999618417e-02 9.989287771180807921e-03 -1.939366512067123281e-04
-6.035398613348655697e-04 1.946492316710207292e-03 6.422440128496586381e-03 7.082583992366693094e-03 -1.939366512067123281e-04 1.902331649134981388e-03
