# sigma8 ygk_Ahmc ygk_LOWZ__3_lM1_0 ygk_LOWZ__3_lMmin_0 ygk_mass_bias ygk_rhogy
7.243453852419771445e-04 -8.554558562064799301e-04 -3.459445600381775556e-05 -4.748277529138775514e-04 -1.807463086507284230e-03 -3.402969791038584508e-04
-8.554558562064799301e-04 1.224779200245333655e-02 -2.950074437215434876e-03 -2.370421312249705419e-03 1.854728963569203092e-03 2.156367702892736436e-04
-3.459445600381775556e-05 -2.950074437215434876e-03 3.751112219091840179e-03 2.857376477921646715e-03 2.617858568946261665e-04 1.532797898478278833e-04
-4.748277529138775514e-04 -2.370421312249705419e-03 2.857376477921646715e-03 2.525430695417158269e-03 1.321718455538043856e-03 3.452182033587912870e-04
-1.807463086507284230e-03 1.854728963569203092e-03 2.617858568946261665e-04 1.321718455538043856e-03 5.113343481939175428e-03 1.380127564689958078e-04
-3.402969791038584508e-04 2.156367702892736436e-04 1.532797898478278833e-04 3.452182033587912870e-04 1.380127564689958078e-04 1.358177170595715631e-03
