# sigma8 ygk_Ahmc ygk_LOWZ__3_lM1_0 ygk_LOWZ__3_lMmin_0 ygk_mass_bias ygk_rhogy
1.445320805333259219e-03 -1.476314559826590739e-03 1.344031644194225558e-04 -8.129956657588482830e-04 -4.399354921948242861e-03 -3.820481949752578478e-04
-1.476314559826590739e-03 1.526999873833541528e-02 -3.414737831080178355e-03 -2.440731337123643475e-03 3.940067921884980034e-03 3.220413424318068434e-05
1.344031644194225558e-04 -3.414737831080178355e-03 4.097548473709930993e-03 3.030062664679122972e-03 -2.542421094553875258e-04 2.233780487147968871e-04
-8.129956657588482830e-04 -2.440731337123643475e-03 3.030062664679122972e-03 2.887939289469460945e-03 2.612317364880112087e-03 4.184366337479163991e-04
-4.399354921948242861e-03 3.940067921884980034e-03 -2.542421094553875258e-04 2.612317364880112087e-03 1.424190244669351624e-02 3.583995438133558056e-04
-3.820481949752578478e-04 3.220413424318068434e-05 2.233780487147968871e-04 4.184366337479163991e-04 3.583995438133558056e-04 1.340662482227393494e-03
