# sigma8 ygk_Ahmc ygk_LOWZ__3_lM1_0 ygk_LOWZ__3_lMmin_0 ygk_mass_bias ygk_rhogy
2.901496563322161857e-04 -5.665762936566507042e-04 2.597312457529550654e-04 1.703597192506946405e-05 -9.499249280241648871e-04 -6.561284676533453463e-05
-5.665762936566507042e-04 1.341897326516038567e-02 -4.378404997808985413e-03 -3.624527041710611745e-03 1.528331321326881730e-03 -2.926812233397572635e-04
2.597312457529550654e-04 -4.378404997808985413e-03 4.631016614521712114e-03 3.312572548166777767e-03 -6.213138348139421148e-04 2.022708990181563873e-04
1.703597192506946405e-05 -3.624527041710611745e-03 3.312572548166777767e-03 2.537799925095350455e-03 1.314822624086520305e-04 1.965573301420049700e-04
-9.499249280241648871e-04 1.528331321326881730e-03 -6.213138348139421148e-04 1.314822624086520305e-04 3.821162070547182155e-03 -4.982557010342504719e-04
-6.561284676533453463e-05 -2.926812233397572635e-04 2.022708990181563873e-04 1.965573301420049700e-04 -4.982557010342504719e-04 1.095207371842184816e-03
