# sigma8 ygk_Ahmc ygk_LOWZ__3_lM1_0 ygk_LOWZ__3_lMmin_0 ygk_mass_bias ygk_rhogy
1.455917364484497854e-03 -1.502337431600547042e-03 1.681037528925539786e-04 -7.958102989571010305e-04 -4.434357129983455305e-03 -3.819632651515620855e-04
-1.502337431600547042e-03 1.534903988028949416e-02 -3.436805931371292831e-03 -2.441274281108767128e-03 4.024333021871142647e-03 3.525786811269739394e-05
1.681037528925539786e-04 -3.436805931371292831e-03 4.093107571597141489e-03 3.002731829875062135e-03 -3.543178859039545678e-04 2.021708415652760139e-04
-7.958102989571010305e-04 -2.441274281108767128e-03 3.002731829875062135e-03 2.855650006325962265e-03 2.563991049325150574e-03 4.029491872016939188e-04
-4.434357129983455305e-03 4.024333021871142647e-03 -3.543178859039545678e-04 2.563991049325150574e-03 1.435753785074191623e-02 3.534781683903210616e-04
-3.819632651515620855e-04 3.525786811269739394e-05 2.021708415652760139e-04 4.029491872016939188e-04 3.534781683903210616e-04 1.347187394850579223e-03
