# sigma8 ygk_Ahmc ygk_LOWZ__1_lM1_0 ygk_LOWZ__1_lMmin_0 ygk_mass_bias ygk_rhogy
4.271563077082455792e-03 -5.129109854471936535e-03 -1.227672740855830120e-02 -1.497674442516847178e-02 -1.099855598992020671e-02 -1.407963378444789535e-03
-5.129109854471936535e-03 2.391703736231533609e-02 4.027801859033665506e-03 7.396856367272599750e-03 1.315800821501634903e-02 7.472726834245453599e-04
-1.227672740855830120e-02 4.027801859033665506e-03 6.341685733632548838e-02 6.906059055058197393e-02 3.052402335553121293e-02 4.614988917977149580e-03
-1.497674442516847178e-02 7.396856367272599750e-03 6.906059055058197393e-02 7.671766170777687133e-02 3.747825841101302263e-02 5.502129603936891517e-03
-1.099855598992020671e-02 1.315800821501634903e-02 3.052402335553121293e-02 3.747825841101302263e-02 3.001619964200607713e-02 2.235334932140450610e-03
-1.407963378444789535e-03 7.472726834245453599e-04 4.614988917977149580e-03 5.502129603936891517e-03 2.235334932140450610e-03 2.459827431589081247e-03
