# sigma8 ygk_Ahmc ygk_LOWZ__1_lM1_0 ygk_LOWZ__1_lMmin_0 ygk_mass_bias ygk_rhogy
5.028671536452903983e-03 -6.581520446728650157e-03 -1.165706786250358604e-02 -1.480749608917508037e-02 -1.300813823003460143e-02 -1.637797321686621866e-03
-6.581520446728650157e-03 2.621971793675040990e-02 5.372944402155653554e-03 9.786766205474983077e-03 1.646945196212376561e-02 1.245203162780398167e-03
-1.165706786250358604e-02 5.372944402155653554e-03 4.724118913280093285e-02 5.274122738835659852e-02 2.993096136264245671e-02 3.772324802193044706e-03
-1.480749608917508037e-02 9.786766205474983077e-03 5.274122738835659852e-02 6.052613257538529828e-02 3.803178894922255165e-02 4.799001724249586306e-03
-1.300813823003460143e-02 1.646945196212376561e-02 2.993096136264245671e-02 3.803178894922255165e-02 3.515156496752284282e-02 3.030033611950474354e-03
-1.637797321686621866e-03 1.245203162780398167e-03 3.772324802193044706e-03 4.799001724249586306e-03 3.030033611950474354e-03 2.528885315700979929e-03
