# sigma8 ygk_Ahmc ygk_LOWZ__5_lM1_0 ygk_LOWZ__5_lMmin_0 ygk_mass_bias ygk_rhogy
1.525656616204326297e-03 -2.113924857123279568e-03 -9.564957913001827369e-04 -2.085375708598383518e-03 -3.425305313177163906e-03 -4.136462749217561944e-04
-2.113924857123279568e-03 2.982217700549876990e-02 1.035541792756202416e-02 7.551294898379359681e-03 4.811971916507468833e-03 -1.025099027944427824e-03
-9.564957913001827369e-04 1.035541792756202416e-02 1.684252438331035676e-02 1.303516246824486767e-02 2.108208312165530708e-03 4.236901357855050228e-04
-2.085375708598383518e-03 7.551294898379359681e-03 1.303516246824486767e-02 1.151098298688449720e-02 4.633970891881354637e-03 8.057368870360265929e-04
-3.425305313177163906e-03 4.811971916507468833e-03 2.108208312165530708e-03 4.633970891881354637e-03 8.441302530136919960e-03 -8.737272976511239683e-05
-4.136462749217561944e-04 -1.025099027944427824e-03 4.236901357855050228e-04 8.057368870360265929e-04 -8.737272976511239683e-05 2.297970345599433927e-03
