# sigma8 ygk_Ahmcgg ygk_Ahmcgm ygk_Ahmcgy ygk_LOWZ__4_lM1_0 ygk_LOWZ__4_lMmin_0 ygk_mass_bias ygk_rhogy
6.030763185608553720e-05 1.100599645740113058e-04 2.659133428886325265e-04 1.472659289928635593e-04 4.595247753836661418e-05 -1.613368709367614054e-05 -7.349057196001316779e-05 -1.154312715682027126e-04
1.100599645740113058e-04 1.886555831532828100e-03 5.144626925884707679e-04 -1.157794385828364783e-05 3.159230560997284502e-04 3.139725803568449621e-06 -2.063936125703365651e-05 -1.713510769707340465e-04
2.659133428886325265e-04 5.144626925884707679e-04 3.256146593801617379e-03 1.204320009467122875e-03 3.681075053371636661e-04 2.751967539080992783e-05 -3.036008619375222856e-04 -6.306719509879172864e-04
1.472659289928635593e-04 -1.157794385828364783e-05 1.204320009467122875e-03 2.918216043289975723e-03 2.337252643254335597e-04 7.459109203324488060e-05 -1.266971930522699675e-04 -7.663026064229347184e-04
4.595247753836661418e-05 3.159230560997284502e-04 3.681075053371636661e-04 2.337252643254335597e-04 5.485661358601875807e-04 2.963331611916939683e-04 2.704111689653151789e-05 -1.328789153955807446e-04
-1.613368709367614054e-05 3.139725803568449621e-06 2.751967539080992783e-05 7.459109203324488060e-05 2.963331611916939683e-04 2.128039069153654672e-04 6.890203885173531767e-05 -8.208868967497437102e-06
-7.349057196001316779e-05 -2.063936125703365651e-05 -3.036008619375222856e-04 -1.266971930522699675e-04 2.704111689653151789e-05 6.890203885173531767e-05 2.930720501673104799e-04 -1.377111147924069405e-04
-1.154312715682027126e-04 -1.713510769707340465e-04 -6.306719509879172864e-04 -7.663026064229347184e-04 -1.328789153955807446e-04 -8.208868967497437102e-06 -1.377111147924069405e-04 1.013263220077952748e-03
