# sigma8 ygk_Ahmcgg ygk_Ahmcgm ygk_Ahmcgy ygk_LOWZ__4_lM1_0 ygk_LOWZ__4_lMmin_0 ygk_mass_bias ygk_rhogy
6.075278917834235409e-04 -2.242818732630546175e-04 -4.045348694913356719e-03 -6.063517314850930739e-04 5.603200432540508423e-04 6.069397139017275667e-05 -2.045372508035847928e-03 -3.612262600165370291e-04
-2.242818732630546175e-04 1.371206844021756986e-02 5.686655861427253843e-03 2.423120398371370141e-03 -1.284496344642770691e-03 -1.706657618611022529e-03 7.116958225606478863e-04 1.122950729960181873e-03
-4.045348694913356719e-03 5.686655861427253843e-03 1.917432914484938355e-01 7.494311562584155505e-03 -4.600085393921851153e-03 -1.214316055928572977e-03 1.383092039711350182e-02 2.171029112578913740e-03
-6.063517314850930739e-04 2.423120398371370141e-03 7.494311562584155505e-03 7.458651741282522341e-02 -5.394890244202972572e-04 -2.036185562799024324e-04 3.321602508135506650e-04 -7.522046414675862339e-03
5.603200432540508423e-04 -1.284496344642770691e-03 -4.600085393921851153e-03 -5.394890244202973657e-04 2.807121122211497528e-03 1.526505224179280440e-03 -1.755072871347157937e-03 -4.092536709397744349e-04
6.069397139017275667e-05 -1.706657618611022529e-03 -1.214316055928572977e-03 -2.036185562799024595e-04 1.526505224179280440e-03 1.041413233704106128e-03 -1.187429895119622729e-04 -1.647038217945767094e-04
-2.045372508035847928e-03 7.116958225606478863e-04 1.383092039711350356e-02 3.321602508135505023e-04 -1.755072871347157937e-03 -1.187429895119622729e-04 7.823098877405948795e-03 2.840104310840943242e-04
-3.612262600165370291e-04 1.122950729960181873e-03 2.171029112578913740e-03 -7.522046414675862339e-03 -4.092536709397744349e-04 -1.647038217945767094e-04 2.840104310840943242e-04 3.097138939415761041e-03
