# sigma8 ygk_Ahmcgg ygk_Ahmcgm ygk_Ahmcgy ygk_LOWZ__4_lM1_0 ygk_LOWZ__4_lMmin_0 ygk_mass_bias ygk_rhogy
7.507541624108530652e-04 -7.120307838284579754e-04 -1.052128026292168360e-03 -3.679321282030159363e-03 4.782440525076861980e-04 -6.828967334347992783e-05 -2.103789775389180820e-03 3.745645111693952104e-05
-7.120307838284579754e-04 1.034256067216981177e-02 3.958489168916430254e-03 7.662154847167595637e-03 -1.326494130443028451e-03 -1.238335812147190341e-03 2.097593300288902712e-03 5.032976164467563686e-04
-1.052128026292168360e-03 3.958489168916430254e-03 8.654308517752859475e-02 -1.069600347598895218e-02 -3.065941897235487275e-03 -1.690689762079693615e-03 4.872831805499202272e-03 5.593778033237968138e-04
-3.679321282030159363e-03 7.662154847167595637e-03 -1.069600347598895218e-02 1.118068553641212992e-01 -5.173880368536043972e-04 1.365390555419748134e-03 8.307762342540615449e-03 -1.113472864248763253e-02
4.782440525076861980e-04 -1.326494130443028451e-03 -3.065941897235487275e-03 -5.173880368536043972e-04 2.634370933313585732e-03 1.509920883574277428e-03 -1.523572866415676564e-03 -2.390938442373602259e-05
-6.828967334347992783e-05 -1.238335812147190341e-03 -1.690689762079693615e-03 1.365390555419748134e-03 1.509920883574277428e-03 1.114845397200738822e-03 5.441600577161550103e-05 -9.301186400849568406e-05
-2.103789775389180820e-03 2.097593300288902712e-03 4.872831805499202272e-03 8.307762342540615449e-03 -1.523572866415676564e-03 5.441600577161550103e-05 6.672115159131591748e-03 -7.408741146175910073e-04
3.745645111693950071e-05 5.032976164467563686e-04 5.593778033237968138e-04 -1.113472864248763253e-02 -2.390938442373604291e-05 -9.301186400849568406e-05 -7.408741146175910073e-04 3.111645381759634444e-03
