# sigma8 ygk_Ahmc ygk_LOWZ__4_lM1_0 ygk_LOWZ__4_lMmin_0 ygk_mass_bias ygk_rhogy
6.026000463233803636e-04 -6.256789406631392417e-04 4.570739434263640009e-04 1.270308365906058709e-05 -2.007974012206167544e-03 -3.803028465167995883e-04
-6.256789406631392417e-04 1.625509340680124024e-02 -1.888024054750625340e-03 -2.074426988736154456e-03 1.720135256969081454e-03 1.471834920317516087e-04
4.570739434263640009e-04 -1.888024054750625340e-03 2.889699696979765049e-03 1.692710323751901854e-03 -1.355132082974118673e-03 -1.522137526231119727e-04
1.270308365906058709e-05 -2.074426988736154456e-03 1.692710323751901854e-03 1.217014468469032867e-03 9.336069827649780858e-05 8.565260516393336833e-05
-2.007974012206167544e-03 1.720135256969081454e-03 -1.355132082974118673e-03 9.336069827649780858e-05 7.654054775231250267e-03 1.013368014192433123e-04
-3.803028465167995883e-04 1.471834920317516087e-04 -1.522137526231119727e-04 8.565260516393336833e-05 1.013368014192433123e-04 2.272426951005967252e-03
