# sigma8 ygk_Ahmcgg ygk_Ahmcgm ygk_Ahmcgy ygk_LOWZ__3_lM1_0 ygk_LOWZ__3_lMmin_0 ygk_mass_bias ygk_rhogy
7.740076357358329320e-05 -1.243602790519940317e-04 -4.472805753098611520e-05 -1.032459744570853001e-04 3.093038200527230774e-05 -2.199058699328384892e-05 -1.829093377629327553e-04 -1.293318740998384451e-05
-1.243602790519940317e-04 5.961114643199222178e-03 -3.350020857646709613e-04 -6.876470328700518388e-04 -2.904775376213594089e-04 -5.873608675451927894e-04 5.491895029653833752e-04 1.417797943120831748e-04
-4.472805753098611520e-05 -3.350020857646709613e-04 8.795383210693268755e-03 -4.579602724564484258e-03 -2.420345412307719991e-04 -1.178966913330000403e-04 3.781072696130735426e-04 2.222975240927769786e-04
-1.032459744570853001e-04 -6.876470328700518388e-04 -4.579602724564484258e-03 8.895493110252290780e-03 3.351048147014928143e-04 3.799954615925871747e-04 -4.850763755234916585e-05 -6.238230247817912232e-04
3.093038200527230774e-05 -2.904775376213594089e-04 -2.420345412307719991e-04 3.351048147014928143e-04 1.313957269192757207e-03 9.235012077063205335e-04 1.181857832671849078e-05 -4.412836879363034732e-05
-2.199058699328384892e-05 -5.873608675451927894e-04 -1.178966913330000403e-04 3.799954615925871747e-04 9.235012077063205335e-04 7.304262337651670029e-04 9.244474482542709487e-05 -2.250209400511705090e-05
-1.829093377629327553e-04 5.491895029653833752e-04 3.781072696130736511e-04 -4.850763755234916585e-05 1.181857832671849078e-05 9.244474482542709487e-05 8.623282224194253132e-04 -4.765929716241881905e-04
-1.293318740998384451e-05 1.417797943120831748e-04 2.222975240927769786e-04 -6.238230247817912232e-04 -4.412836879363034732e-05 -2.250209400511705090e-05 -4.765929716241881905e-04 1.026901195697130795e-03
