# sigma8 ygk_Ahmcgg ygk_Ahmcgm ygk_Ahmcgy ygk_LOWZ__3_lM1_0 ygk_LOWZ__3_lMmin_0 ygk_mass_bias ygk_rhogy
7.575588546845287439e-04 -8.989983324772690514e-04 -1.059944623156704136e-03 -2.424578930077846053e-03 -2.604694061802195477e-04 -6.525290693000707814e-04 -1.905453355125737939e-03 -8.245887877890325894e-05
-8.989983324772690514e-04 1.063868046052318488e-02 3.192106637664937022e-03 7.857449236987798166e-03 -1.537519839957158943e-03 -1.229660963407119530e-03 2.114736735272384083e-03 2.453805625597701556e-04
-1.059944623156704136e-03 3.192106637664937022e-03 6.426356652361726873e-02 -3.341784959606941552e-02 -2.755852126117907825e-03 -1.371331786403624884e-03 3.032595799962408724e-03 2.538866591234251093e-03
-2.424578930077846053e-03 7.857449236987798166e-03 -3.341784959606941552e-02 7.519360247222299509e-02 1.500266515930936745e-03 2.254662518111286238e-03 3.761658847776308979e-03 -3.131056196047849946e-03
-2.604694061802195477e-04 -1.537519839957158943e-03 -2.755852126117907391e-03 1.500266515930936745e-03 3.680603341662008320e-03 2.861685352378803317e-03 8.485357687496973425e-04 -2.333600134588916094e-04
-6.525290693000707814e-04 -1.229660963407119530e-03 -1.371331786403624884e-03 2.254662518111286238e-03 2.861685352378803317e-03 2.571358675364694441e-03 1.770830784920236160e-03 -1.085546590884532388e-04
-1.905453355125737939e-03 2.114736735272384083e-03 3.032595799962409591e-03 3.761658847776308979e-03 8.485357687496973425e-04 1.770830784920236160e-03 5.471682103192822624e-03 -3.073676010358015456e-04
-8.245887877890325894e-05 2.453805625597701556e-04 2.538866591234251093e-03 -3.131056196047849946e-03 -2.333600134588916094e-04 -1.085546590884532388e-04 -3.073676010358015456e-04 1.237049628493974793e-03
