# sigma8 ygk_Ahmcgg ygk_Ahmcgm ygk_Ahmcgy ygk_LOWZ__3_lM1_0 ygk_LOWZ__3_lMmin_0 ygk_mass_bias ygk_rhogy
2.576201379581998397e-03 -1.514892154910978681e-03 -1.179938679572492370e-02 -6.714938956084469997e-04 -8.512605568026282606e-04 -2.359727087293780976e-03 -6.661658322109011328e-03 -6.564660459384208998e-04
-1.514892154910978681e-03 1.220389145601921688e-02 1.045310422909329767e-02 7.226326875608989108e-04 -2.431794706049465130e-03 -1.533043232690206072e-03 3.963801098416497477e-03 9.895493913619215435e-04
-1.179938679572492370e-02 1.045310422909329767e-02 1.663913267294401532e-01 4.733970895552606570e-03 1.295584512592603795e-03 8.574049869760118348e-03 3.176256588530017994e-02 2.873342412601079254e-03
-6.714938956084469997e-04 7.226326875608989108e-04 4.733970895552606570e-03 2.814810858159401408e-02 4.409932000316442273e-04 7.290306387752989092e-04 7.640958883219253588e-04 -1.247198677091318269e-03
-8.512605568026282606e-04 -2.431794706049465130e-03 1.295584512592603795e-03 4.409932000316442273e-04 4.616987483015145589e-03 4.113761353419706328e-03 1.899544304986977268e-03 1.562899727699390573e-04
-2.359727087293780976e-03 -1.533043232690206072e-03 8.574049869760118348e-03 7.290306387752989092e-04 4.113761353419706328e-03 4.805634744357723497e-03 5.833953331282456557e-03 5.235482589730913261e-04
-6.661658322109011328e-03 3.963801098416497477e-03 3.176256588530017994e-02 7.640958883219253588e-04 1.899544304986977268e-03 5.833953331282456557e-03 1.820046611619158261e-02 1.050349572496431239e-03
-6.564660459384208998e-04 9.895493913619215435e-04 2.873342412601079254e-03 -1.247198677091318269e-03 1.562899727699390573e-04 5.235482589730913261e-04 1.050349572496431022e-03 1.430522005848572972e-03
