# sigma8 ygk_Ahmcgg ygk_Ahmcgm ygk_Ahmcgy ygk_LOWZ__3_lM1_0 ygk_LOWZ__3_lMmin_0 ygk_mass_bias ygk_rhogy
4.935062707091420343e-05 6.686209910730250849e-05 8.127306060612174060e-06 2.514115119032637040e-05 5.611243697287706773e-06 -3.594134779547461707e-05 -8.203214559464930939e-05 -7.034620934981622541e-06
6.686209910730250849e-05 5.315124889804123025e-04 -1.197721820437683293e-04 1.811964806656185046e-04 9.824380124581443539e-05 -1.788912253022055610e-05 -1.545244744364103918e-04 8.275801092501554052e-05
8.127306060612174060e-06 -1.197721820437683293e-04 3.792990397578918454e-04 4.925440325724524994e-05 -7.542324061137879722e-06 -6.430333170247673195e-06 -1.798520974963402436e-05 -5.678000181957677193e-05
2.514115119032637040e-05 1.811964806656185046e-04 4.925440325724524994e-05 4.310564022363436534e-04 1.142972190012323983e-04 5.754069012064524946e-05 -1.076922797966978803e-04 7.834739720722826378e-05
5.611243697287706773e-06 9.824380124581443539e-05 -7.542324061137879722e-06 1.142972190012323983e-04 7.021120966346706049e-04 4.867788064370410540e-04 1.919510488030747651e-06 -3.238204437375104809e-06
-3.594134779547461707e-05 -1.788912253022055610e-05 -6.430333170247673195e-06 5.754069012064524946e-05 4.867788064370410540e-04 3.908795283740277540e-04 7.435898094124147905e-05 3.827423721836386751e-07
-8.203214559464930939e-05 -1.545244744364103918e-04 -1.798520974963402436e-05 -1.076922797966978803e-04 1.919510488030747651e-06 7.435898094124147905e-05 3.133277048169047811e-04 -1.923159044052554433e-04
-7.034620934981622541e-06 8.275801092501554052e-05 -5.678000181957677193e-05 7.834739720722826378e-05 -3.238204437375104809e-06 3.827423721836386751e-07 -1.923159044052554433e-04 4.108223060449127514e-04
