# sigma8 ygk_Ahmc ygk_LOWZ__2_lM1_0 ygk_LOWZ__2_lMmin_0 ygk_LOWZ__2_wz ygk_mass_bias ygk_rhogy
1.093330354183458817e-03 -1.301772594780623059e-03 5.465135975001672803e-04 -4.245630018207418341e-04 -4.593082920059857579e-04 -2.934851249807706244e-03 -3.661333886290546501e-04
-1.301772594780623059e-03 1.372990859918347788e-02 -7.314333034459157218e-04 -1.115607494698754827e-05 -1.055470715594048836e-03 2.585948623125742217e-03 7.778729776405071596e-04
5.465135975001672803e-04 -7.314333034459157218e-04 3.064649746307833086e-02 2.766102747606281193e-02 -9.126579287808182783e-03 -3.867694886880102857e-03 1.946135697003057580e-03
-4.245630018207418341e-04 -1.115607494698754827e-05 2.766102747606281193e-02 2.587601511340118302e-02 -8.088700957450000242e-03 -1.104281725535033237e-03 2.152651012020957363e-03
-4.593082920059857579e-04 -1.055470715594048836e-03 -9.126579287808182783e-03 -8.088700957450000242e-03 3.527422202979288868e-03 2.312240634310312737e-03 -5.917534457072422564e-04
-2.934851249807706244e-03 2.585948623125742217e-03 -3.867694886880102857e-03 -1.104281725535033237e-03 2.312240634310312737e-03 9.166846503569867424e-03 -2.474604838972590333e-04
-3.661333886290546501e-04 7.778729776405071596e-04 1.946135697003057580e-03 2.152651012020957363e-03 -5.917534457072422564e-04 -2.474604838972590333e-04 1.782420852215360618e-03
