# sigma8 ygk_Ahmc ygk_LOWZ__2_lM1_0 ygk_LOWZ__2_lMmin_0 ygk_LOWZ__2_wz ygk_mass_bias ygk_rhogy
2.779659265399784477e-03 -3.059532091945024734e-03 -1.961322942197249453e-02 -2.161015760374073585e-02 1.754888452055999859e-03 -5.777416528168768765e-03 -1.186901949284719596e-03
-3.059532091945024734e-03 1.521644721582660412e-02 1.649083703325798095e-02 1.817693104491212644e-02 -2.787512119206431854e-03 5.784616028137513390e-03 1.472494498593733114e-03
-1.961322942197249453e-02 1.649083703325798095e-02 2.564662739767492594e-01 2.689237202855036535e-01 -2.747578827105683075e-02 3.555833041272547790e-02 1.118184888701112198e-02
-2.161015760374073585e-02 1.817693104491212644e-02 2.689237202855036535e-01 2.833067875063781660e-01 -2.786324235498202628e-02 3.984816155887375977e-02 1.184124820146595716e-02
1.754888452055999859e-03 -2.787512119206431854e-03 -2.747578827105683075e-02 -2.786324235498202628e-02 5.471413947517471225e-03 -2.489539567402062215e-03 -1.650660426146450133e-03
-5.777416528168768765e-03 5.784616028137513390e-03 3.555833041272547790e-02 3.984816155887375977e-02 -2.489539567402062215e-03 1.323227626130289714e-02 1.372375633973227328e-03
-1.186901949284719596e-03 1.472494498593733114e-03 1.118184888701112198e-02 1.184124820146596063e-02 -1.650660426146450133e-03 1.372375633973227328e-03 2.129052557128863210e-03
