# sigma8 ygk_Ahmc ygk_LOWZ__2_lM1_0 ygk_LOWZ__2_lMmin_0 ygk_LOWZ__2_wz ygk_mass_bias ygk_rhogy
2.108803465196230301e-03 -2.545506104414987838e-03 -9.231229711803954838e-03 -1.029973868699189145e-02 1.834195249847688164e-03 -5.037832082928145154e-03 -1.080729455820219568e-03
-2.545506104414988272e-03 1.526673845214574464e-02 9.132957093968080420e-03 1.007173316426642103e-02 -3.274758404194797433e-03 5.483114356433308086e-03 1.311082229956658405e-03
-9.231229711803954838e-03 9.132957093968080420e-03 1.080593829817824841e-01 1.078102373243958884e-01 -2.461030488774833616e-02 1.764601975449167637e-02 7.623181239633165449e-03
-1.029973868699189145e-02 1.007173316426642103e-02 1.078102373243958884e-01 1.088574257461515649e-01 -2.400196130444943662e-02 2.045846120723280800e-02 7.938711639457264255e-03
1.834195249847688164e-03 -3.274758404194797433e-03 -2.461030488774833616e-02 -2.400196130444943662e-02 7.072658300815016889e-03 -3.076579051515452787e-03 -1.827195097722109909e-03
-5.037832082928145154e-03 5.483114356433308086e-03 1.764601975449167637e-02 2.045846120723280800e-02 -3.076579051515452787e-03 1.343841821585247363e-02 1.457846904129006527e-03
-1.080729455820219568e-03 1.311082229956658405e-03 7.623181239633165449e-03 7.938711639457264255e-03 -1.827195097722109909e-03 1.457846904129006527e-03 2.127081400071789349e-03
