# sigma8 ygk_Ahmc ygk_LOWZ__2_lM1_0 ygk_LOWZ__2_lMmin_0 ygk_LOWZ__2_wz ygk_mass_bias ygk_rhogy
2.325555391073528945e-05 2.494914455618435923e-05 3.257998884846973565e-05 1.150607000124084171e-05 -1.724623734873737490e-05 -2.678441272618041754e-05 -3.294365403399968756e-05
2.494914455618435923e-05 1.899288189396404871e-03 9.132895026802535050e-05 -9.606105271725109735e-05 -7.075755984444677556e-06 -1.446929603140943883e-04 1.369074609095189343e-04
3.257998884846973565e-05 9.132895026802535050e-05 3.250627971199402440e-04 2.162663093090576750e-04 -4.558653116079772552e-05 -1.604929834899176055e-05 -8.108604747398579112e-05
1.150607000124084171e-05 -9.606105271725109735e-05 2.162663093090576750e-04 1.985417968539467549e-04 -5.434284130861193084e-05 7.755490570133456818e-06 -3.728929118265106524e-05
-1.724623734873737490e-05 -7.075755984444677556e-06 -4.558653116079772552e-05 -5.434284130861193084e-05 9.416272666804260353e-05 3.598834224131087470e-05 5.593527530969957015e-05
-2.678441272618041754e-05 -1.446929603140943883e-04 -1.604929834899176055e-05 7.755490570133456818e-06 3.598834224131087470e-05 2.824609293923746947e-04 -2.457896132952129011e-04
-3.294365403399968756e-05 1.369074609095189343e-04 -8.108604747398579112e-05 -3.728929118265106524e-05 5.593527530969957015e-05 -2.457896132952129011e-04 6.640523844448998963e-04
