# sigma8 ygk_Ahmc ygk_LOWZ__2_lM1_0 ygk_LOWZ__2_lMmin_0 ygk_LOWZ__2_wz ygk_mass_bias ygk_rhogy
4.998607262152981578e-04 -7.119629014308638841e-04 1.777308535921754687e-03 1.244352709434188263e-03 -6.831037304281857179e-04 -1.402381271889961570e-03 -9.859481284027132668e-05
-7.119629014308638841e-04 1.288521578238711537e-02 -3.025993899692967521e-03 -2.708267783736271941e-03 -2.332522984108548463e-04 1.438747205666176133e-03 2.074346582428603580e-04
1.777308535921754687e-03 -3.025993899692967521e-03 1.359894616475803425e-02 1.089092155839510058e-02 -4.297126269357702880e-03 -5.398758657369686492e-03 5.726303926222651688e-05
1.244352709434188263e-03 -2.708267783736271941e-03 1.089092155839510058e-02 8.943270212198683664e-03 -3.445487834228534892e-03 -3.891672610012151135e-03 1.473627159957053006e-04
-6.831037304281857179e-04 -2.332522984108548463e-04 -4.297126269357702880e-03 -3.445487834228534892e-03 1.958625024966475798e-03 2.260797974241371758e-03 3.403298875131318752e-05
-1.402381271889961570e-03 1.438747205666176133e-03 -5.398758657369686492e-03 -3.891672610012151135e-03 2.260797974241371758e-03 4.714053354603724155e-03 -5.552618695005154606e-04
-9.859481284027132668e-05 2.074346582428603580e-04 5.726303926222651688e-05 1.473627159957053006e-04 3.403298875131318752e-05 -5.552618695005154606e-04 1.374279055163426079e-03
