# sigma8 ygk_Ahmcgg ygk_Ahmcgm ygk_Ahmcgy ygk_LOWZ__1_lM1_0 ygk_LOWZ__1_lMmin_0 ygk_mass_bias ygk_rhogy
5.510731020243514813e-03 -6.090970066998383642e-03 -1.241117536915862032e-02 -4.077542451286129098e-03 -2.465514409422798689e-02 -2.826291608223151577e-02 -1.127955904276517832e-02 -1.412583005228826294e-03
-6.090970066998383642e-03 2.223298724993009665e-02 1.568779722997306475e-02 8.892794443619332981e-03 1.698722840986690089e-02 2.086306038593365927e-02 1.176656296234998740e-02 1.889127676878909253e-03
-1.241117536915862032e-02 1.568779722997306475e-02 1.065176961059063759e-01 8.655117909673080284e-03 5.095195174332421695e-02 5.891926866054147949e-02 2.713896355694321930e-02 2.970595621526263535e-03
-4.077542451286129098e-03 8.892794443619332981e-03 8.655117909673080284e-03 6.137007840122537389e-02 1.793605486480641387e-02 2.052991962425952319e-02 5.901773935214797880e-03 -7.389356321243571160e-04
-2.465514409422798689e-02 1.698722840986690089e-02 5.095195174332421695e-02 1.793605486480641387e-02 1.536054464866823677e-01 1.684534741491545973e-01 4.963867849322690928e-02 5.128345569141166786e-03
-2.826291608223151577e-02 2.086306038593365927e-02 5.891926866054147949e-02 2.052991962425952319e-02 1.684534741491545973e-01 1.858476819244927469e-01 5.687652517895164239e-02 6.098969883790101090e-03
-1.127955904276517832e-02 1.176656296234998740e-02 2.713896355694321930e-02 5.901773935214797880e-03 4.963867849322690928e-02 5.687652517895164239e-02 2.466275342066405474e-02 2.109338525815376581e-03
-1.412583005228826511e-03 1.889127676878909253e-03 2.970595621526263535e-03 -7.389356321243571160e-04 5.128345569141166786e-03 6.098969883790101090e-03 2.109338525815376581e-03 1.712436897076688447e-03
