# sigma8 ygk_Ahmc ygk_LOWZ__5_lM1_0 ygk_LOWZ__5_lMmin_0 ygk_mass_bias ygk_rhogy
8.572157535142476727e-04 -1.187686663839205691e-03 -2.766843609988210826e-04 -7.818175448267968225e-04 -1.874102986925632900e-03 -3.895983463194834049e-04
-1.187686663839205691e-03 2.599533858885143614e-02 5.994196809354130837e-03 3.172369697683479102e-03 2.540636513902819367e-03 -3.558662928535136129e-04
-2.766843609988210826e-04 5.994196809354130837e-03 9.468339676714603720e-03 6.544902486845698315e-03 5.732160101713719728e-04 4.072511285412105746e-04
-7.818175448267968225e-04 3.172369697683479102e-03 6.544902486845698315e-03 5.105906141542462112e-03 1.685917748933620083e-03 6.292927970374978964e-04
-1.874102986925632900e-03 2.540636513902819367e-03 5.732160101713719728e-04 1.685917748933620083e-03 4.829321091738098155e-03 -1.281156577555515115e-04
-3.895983463194834049e-04 -3.558662928535136129e-04 4.072511285412105746e-04 6.292927970374978964e-04 -1.281156577555515115e-04 2.106154996194784922e-03
