# sigma8 ygk_Ahmc ygk_LOWZ__3_lM1_0 ygk_LOWZ__3_lMmin_0 ygk_mass_bias ygk_rhogy
9.982214584880436288e-04 -9.885781274285953928e-04 2.057845575480686203e-04 -4.466615493084117976e-04 -3.175531904068995114e-03 -3.026358124518239621e-04
-9.885781274285953928e-04 1.397397925907556057e-02 -2.644431310863638255e-03 -2.170898810574846058e-03 2.891476311285112732e-03 -8.851886517864597883e-05
2.057845575480686203e-04 -2.644431310863638255e-03 2.995640488530319865e-03 2.092069806047602148e-03 -6.714134971005475102e-04 2.521492254678886231e-04
-4.466615493084117976e-04 -2.170898810574846058e-03 2.092069806047602148e-03 1.885743345990867305e-03 1.420684996128657607e-03 3.745298467312969124e-04
-3.175531904068995114e-03 2.891476311285112732e-03 -6.714134971005475102e-04 1.420684996128657607e-03 1.086679935269523056e-02 1.391047675841079842e-04
-3.026358124518239621e-04 -8.851886517864597883e-05 2.521492254678886231e-04 3.745298467312969124e-04 1.391047675841079842e-04 1.390118083555444547e-03
