# sigma8 ygk_Ahmc ygk_LOWZ__4_lM1_0 ygk_LOWZ__4_lMmin_0 ygk_LOWZ__4_wz ygk_mass_bias ygk_rhogy
1.119674868031697275e-03 -1.081636212408139440e-03 -3.247088362126779055e-03 -3.499570427619589502e-03 1.651082217483797578e-03 -3.226428757392973794e-03 -6.910230466834515117e-04
-1.081636212408139440e-03 1.550738525816056090e-02 2.204080872742127020e-03 1.678950336524903447e-03 -1.717468250449395587e-03 2.852574592289943301e-03 2.242354504014739400e-04
-3.247088362126779055e-03 2.204080872742127020e-03 3.754422656011588422e-02 3.293093574181430588e-02 -1.638833513599450772e-02 6.649891790336015171e-03 2.390419051926533350e-03
-3.499570427619589502e-03 1.678950336524903447e-03 3.293093574181430588e-02 2.956232603072286511e-02 -1.466053994416297197e-02 7.861516163897817877e-03 2.492645998002318737e-03
1.651082217483797578e-03 -1.717468250449395587e-03 -1.638833513599450772e-02 -1.466053994416297197e-02 7.818600619675998217e-03 -3.456405355565519370e-03 -1.143325743128352848e-03
-3.226428757392973794e-03 2.852574592289943301e-03 6.649891790336015171e-03 7.861516163897817877e-03 -3.456405355565519370e-03 1.054027804921611570e-02 8.477935378231624217e-04
-6.910230466834516201e-04 2.242354504014739400e-04 2.390419051926533350e-03 2.492645998002318737e-03 -1.143325743128352848e-03 8.477935378231624217e-04 2.495758331853226153e-03
