# sigma8 ygk_Ahmc ygk_LOWZ__4_lM1_0 ygk_LOWZ__4_lMmin_0 ygk_LOWZ__4_wz ygk_mass_bias ygk_rhogy
2.944504700871685541e-05 -2.983882627416055414e-05 -3.538557397203347696e-05 -3.187035413591264327e-05 -9.428719372160498772e-06 -6.795013188473442774e-05 -2.461130516901080450e-05
-2.983882627416055414e-05 5.788392664096588111e-04 1.150859219265330265e-04 6.102088566795205177e-05 -1.956449448192150179e-05 4.699232964422675094e-05 4.435688943340804853e-05
-3.538557397203347696e-05 1.150859219265330265e-04 5.462404643803576553e-04 3.410254885456085448e-04 3.232064225532556458e-05 1.994710725917378795e-04 9.397293357775268237e-06
-3.187035413591264327e-05 6.102088566795205177e-05 3.410254885456085448e-04 2.503586005633003206e-04 -1.672569312393936753e-05 1.464985674144338309e-04 -1.542309520704344248e-05
-9.428719372160498772e-06 -1.956449448192150179e-05 3.232064225532556458e-05 -1.672569312393936753e-05 9.894508730986231119e-05 2.805996672742369177e-05 6.349247007259286517e-05
-6.795013188473442774e-05 4.699232964422675094e-05 1.994710725917378795e-04 1.464985674144338309e-04 2.805996672742369177e-05 3.809893345428206181e-04 -8.284670853061702983e-05
-2.461130516901081127e-05 4.435688943340802143e-05 9.397293357775313977e-06 -1.542309520704340860e-05 6.349247007259286517e-05 -8.284670853061709759e-05 3.657893068543924720e-04
