# sigma8 ygk_Ahmc ygk_LOWZ__3_lM1_0 ygk_LOWZ__3_lMmin_0 ygk_LOWZ__3_wz ygk_mass_bias ygk_rhogy
2.009607325737400221e-03 -2.431065587833650728e-03 -5.682586049427847986e-03 -6.598878891174170778e-03 1.551955927559154095e-03 -5.231889598511780051e-03 -7.462522198175443582e-04
-2.431065587833650728e-03 1.409888585808913818e-02 4.794073266926483778e-03 5.613917546496635658e-03 -2.328449124040016336e-03 5.960053360308786158e-03 6.510366931137702819e-04
-5.682586049427847986e-03 4.794073266926483778e-03 4.550492977972724062e-02 4.431052617799324106e-02 -1.379737545791168141e-02 1.279639481313643405e-02 3.409584890222738199e-03
-6.598878891174170778e-03 5.613917546496635658e-03 4.431052617799324106e-02 4.418223482878447239e-02 -1.328716329598418622e-02 1.539660498037728580e-02 3.613777083802865997e-03
1.551955927559154095e-03 -2.328449124040016336e-03 -1.379737545791168141e-02 -1.328716329598418622e-02 4.992200468594980116e-03 -3.294451527629078339e-03 -9.703486245527276777e-04
-5.231889598511780051e-03 5.960053360308786158e-03 1.279639481313643405e-02 1.539660498037728580e-02 -3.294451527629078339e-03 1.463796555517624283e-02 1.113439813447613443e-03
-7.462522198175442498e-04 6.510366931137702819e-04 3.409584890222738199e-03 3.613777083802866864e-03 -9.703486245527276777e-04 1.113439813447613226e-03 1.455732546250964763e-03
