# sigma8 ygk_Ahmc ygk_LOWZ__3_lM1_0 ygk_LOWZ__3_lMmin_0 ygk_LOWZ__3_wz ygk_mass_bias ygk_rhogy
2.122530654292215102e-03 -2.658506781236117614e-03 -6.098549411183912423e-03 -7.095623231117182371e-03 1.541201774821805530e-03 -5.484886136572119514e-03 -8.294617033270517423e-04
-2.658506781236117614e-03 1.490596170646020166e-02 5.298480406572185150e-03 6.272466205518454664e-03 -2.261833112966728839e-03 6.498867702303848942e-03 7.726892765861702143e-04
-6.098549411183912423e-03 5.298480406572185150e-03 4.624318645576357134e-02 4.554164300889514821e-02 -1.334974171941706242e-02 1.373667420257582844e-02 3.607044978168342988e-03
-7.095623231117182371e-03 6.272466205518454664e-03 4.554164300889514821e-02 4.591577971296460781e-02 -1.295171078357198330e-02 1.651403407664907980e-02 3.876811732687005223e-03
1.541201774821805530e-03 -2.261833112966728839e-03 -1.334974171941706242e-02 -1.295171078357198330e-02 4.697933391091664752e-03 -3.253536022046717765e-03 -9.581174586287353329e-04
-5.484886136572119514e-03 6.498867702303848942e-03 1.373667420257582844e-02 1.651403407664907980e-02 -3.253536022046717765e-03 1.521369291000053761e-02 1.306174363775935814e-03
-8.294617033270517423e-04 7.726892765861702143e-04 3.607044978168342988e-03 3.876811732687005223e-03 -9.581174586287353329e-04 1.306174363775935814e-03 1.508170867883288756e-03
