# sigma8 ygk_Ahmc ygk_LOWZ__3_lM1_0 ygk_LOWZ__3_lMmin_0 ygk_LOWZ__3_wz ygk_mass_bias ygk_rhogy
1.516827671288632460e-05 -6.213553110822692240e-06 6.937561189178868799e-06 -2.287419140199288517e-06 -5.652339962201656505e-06 -3.105281211922479475e-05 -1.311975819826502171e-05
-6.213553110822692240e-06 2.594710980584076249e-03 4.342648502391167030e-04 1.148682616357974578e-04 -2.249303593704455887e-05 -2.202492579488590075e-05 4.045832246030529520e-05
6.937561189178868799e-06 4.342648502391167030e-04 4.662792945157131943e-04 2.810792687594449802e-04 4.404041782232111426e-06 1.069651591753677277e-04 -1.738222786953543008e-04
-2.287419140199288517e-06 1.148682616357974578e-04 2.810792687594449802e-04 2.196780193367027913e-04 -4.560732002418397743e-05 8.340897460179627805e-05 -1.126551281402658251e-04
-5.652339962201656505e-06 -2.249303593704455887e-05 4.404041782232111426e-06 -4.560732002418397743e-05 1.363673969878056969e-04 2.926784686082974554e-05 2.154500406325928906e-05
-3.105281211922479475e-05 -2.202492579488590075e-05 1.069651591753677277e-04 8.340897460179627805e-05 2.926784686082974554e-05 4.825001655250806399e-04 -5.183261544695596992e-04
-1.311975819826502171e-05 4.045832246030529520e-05 -1.738222786953543008e-04 -1.126551281402658251e-04 2.154500406325928906e-05 -5.183261544695596992e-04 9.767190240715663795e-04
