# sigma8 ygk_Ahmc ygk_LOWZ__3_lM1_0 ygk_LOWZ__3_lMmin_0 ygk_LOWZ__3_wz ygk_mass_bias ygk_rhogy
2.369692634818723696e-03 -2.842772463383138638e-03 -7.130444199817895408e-03 -8.279276497563754431e-03 1.717900099436303445e-03 -6.031299991469336701e-03 -9.415640417404865957e-04
-2.842772463383138638e-03 1.429261910313638778e-02 6.815038986800923786e-03 7.876450107780853804e-03 -2.618767693699054940e-03 6.898708522519099093e-03 8.890769885548080367e-04
-7.130444199817895408e-03 6.815038986800923786e-03 4.858058585687622527e-02 4.879318824576317493e-02 -1.300877025442802662e-02 1.627207159350913673e-02 4.083267462008915299e-03
-8.279276497563754431e-03 7.876450107780853804e-03 4.879318824576317493e-02 5.010853939081827413e-02 -1.286976217517817739e-02 1.937403819749825701e-02 4.407174685501544231e-03
1.717900099436303445e-03 -2.618767693699054940e-03 -1.300877025442802662e-02 -1.286976217517817739e-02 4.409513337408833833e-03 -3.714006394572811221e-03 -1.073894610218090401e-03
-6.031299991469336701e-03 6.898708522519099093e-03 1.627207159350913673e-02 1.937403819749825701e-02 -3.714006394572811221e-03 1.632664039584294166e-02 1.604315458057375054e-03
-9.415640417404865957e-04 8.890769885548080367e-04 4.083267462008915299e-03 4.407174685501544231e-03 -1.073894610218090401e-03 1.604315458057375054e-03 1.534879540296975407e-03
