# sigma8 ygk_Ahmc ygk_LOWZ__3_lM1_0 ygk_LOWZ__3_lMmin_0 ygk_LOWZ__3_wz ygk_mass_bias ygk_rhogy
4.279524491558362202e-04 -5.332710951898325625e-04 2.487874268642143740e-05 -2.243552131597827961e-04 1.980960176502081200e-05 -1.142679649121015580e-03 -1.451524267022792321e-04
-5.332710951898325625e-04 1.099105133325085221e-02 3.366133443096597060e-04 1.915491379988628847e-04 -1.010974512354070399e-03 8.817676108480164724e-04 3.572209795097761930e-06
2.487874268642143740e-05 3.366133443096597060e-04 8.196506214895121767e-03 6.912130287206116365e-03 -2.810069068559388310e-03 -9.084192848934800543e-04 5.852054124985733765e-04
-2.243552131597827961e-04 1.915491379988628847e-04 6.912130287206116365e-03 6.061865472337193278e-03 -2.473830457071828515e-03 -1.589751353616187797e-04 6.339626334870577997e-04
1.980960176502081200e-05 -1.010974512354070399e-03 -2.810069068559388310e-03 -2.473830457071828515e-03 1.374643454999705276e-03 4.528594560120637849e-04 -2.469683829241403920e-04
-1.142679649121015580e-03 8.817676108480164724e-04 -9.084192848934800543e-04 -1.589751353616187797e-04 4.528594560120637849e-04 3.819037084680419313e-03 -3.777112399590620362e-04
-1.451524267022792321e-04 3.572209795097761930e-06 5.852054124985733765e-04 6.339626334870577997e-04 -2.469683829241403920e-04 -3.777112399590620362e-04 1.236572091770823598e-03
