# sigma8 ygk_Ahmc ygk_LOWZ__3_lM1_0 ygk_LOWZ__3_lMmin_0 ygk_LOWZ__3_wz ygk_mass_bias ygk_rhogy
7.164868660416959419e-04 -9.638589529581978671e-04 -2.045533270533637579e-03 -2.307562740433350464e-03 7.475699303264014307e-04 -1.952891557740898607e-03 -2.550112397060700720e-04
-9.638589529581978671e-04 1.329307677948765413e-02 2.046134105109156855e-03 2.009341113611963579e-03 -1.717887390746750250e-03 2.261993011185449171e-03 -6.575214832117283839e-05
-2.045533270533637579e-03 2.046134105109156855e-03 3.768297692863712550e-02 3.379583136226146228e-02 -1.366545341636188349e-02 2.703138850522254950e-03 2.079744666736770952e-03
-2.307562740433350464e-03 2.009341113611963579e-03 3.379583136226146228e-02 3.079900224218889981e-02 -1.233420948432428776e-02 3.822161605101409218e-03 2.001720375135631128e-03
7.475699303264014307e-04 -1.717887390746750250e-03 -1.366545341636188349e-02 -1.233420948432428776e-02 5.453173684410082822e-03 -8.024848638264400758e-04 -7.812422738529000181e-04
-1.952891557740898607e-03 2.261993011185449171e-03 2.703138850522254950e-03 3.822161605101409218e-03 -8.024848638264400758e-04 6.454553971738562039e-03 -2.711754705929011458e-04
-2.550112397060700720e-04 -6.575214832117283839e-05 2.079744666736770952e-03 2.001720375135631128e-03 -7.812422738529000181e-04 -2.711754705929011458e-04 1.403092341432173647e-03
