# sigma8 ygk_Ahmc ygk_LOWZ__3_lM1_0 ygk_LOWZ__3_lMmin_0 ygk_LOWZ__3_wz ygk_mass_bias ygk_rhogy
2.157381892780805329e-03 -2.657232939927810320e-03 -6.057701252669770928e-03 -7.046434626471819590e-03 1.637879167168564869e-03 -5.582773660192779860e-03 -8.254894383739458646e-04
-2.657232939927810320e-03 1.426298615656314620e-02 5.734931330643796600e-03 6.640193270336088548e-03 -2.597726795043904698e-03 6.422117551007930011e-03 8.530488011446934679e-04
-6.057701252669770928e-03 5.734931330643796600e-03 4.595039990236816224e-02 4.499479327690693309e-02 -1.384367459875383670e-02 1.367543754721069725e-02 3.676535415048040514e-03
-7.046434626471819590e-03 6.640193270336088548e-03 4.499479327690693309e-02 4.513464178237355795e-02 -1.338029554849799047e-02 1.644979325279292970e-02 3.904071865923965622e-03
1.637879167168564869e-03 -2.597726795043904698e-03 -1.384367459875383670e-02 -1.338029554849799047e-02 5.013790661343106754e-03 -3.491319089706404304e-03 -1.060477429051458415e-03
-5.582773660192779860e-03 6.422117551007930011e-03 1.367543754721069725e-02 1.644979325279292970e-02 -3.491319089706404304e-03 1.548099424102866196e-02 1.305122175398266363e-03
-8.254894383739458646e-04 8.530488011446934679e-04 3.676535415048040514e-03 3.904071865923965622e-03 -1.060477429051458415e-03 1.305122175398266363e-03 1.497991755067776265e-03
