# sigma8 ygk_Ahmc ygk_LOWZ__0_lM1_0 ygk_LOWZ__0_lMmin_0 ygk_mass_bias ygk_rhogy
4.322185366641756975e-03 -1.560017997086253537e-03 4.479145017641038284e-03 7.042489043314557320e-04 -7.023735713572124700e-03 -4.406801579441391691e-03
-1.560017997086253537e-03 9.127078309628970654e-02 -8.050788690559619598e-03 -1.292306340056176631e-02 2.755271345483624457e-03 -8.255051267031576767e-03
4.479145017641038284e-03 -8.050788690559619598e-03 1.712347257122414160e-02 9.128465084942144134e-03 -5.054740005047352568e-03 -8.563627055159811485e-03
7.042489043314557320e-04 -1.292306340056176631e-02 9.128465084942144134e-03 6.751216659732606207e-03 4.544317123811777428e-04 -1.808025966507744711e-03
-7.023735713572124700e-03 2.755271345483624457e-03 -5.054740005047352568e-03 4.544317123811777428e-04 2.298904564367378056e-02 -1.284692529493421803e-02
-4.406801579441391691e-03 -8.255051267031576767e-03 -8.563627055159811485e-03 -1.808025966507744711e-03 -1.284692529493421803e-02 6.030741612308843091e-02
