# sigma8 ygk_Ahmc ygk_LOWZ__3_lM1_0 ygk_LOWZ__3_lMmin_0 ygk_mass_bias ygk_rhogy
4.973462853762563359e-04 -7.292347816917746145e-04 1.949557244513583449e-05 -2.896228937340797577e-04 -1.152092969327278126e-03 -2.928378671501886250e-04
-7.292347816917746145e-04 1.380599458333403411e-02 -3.091807847474218208e-03 -2.660243117654292194e-03 1.300917343588532584e-03 1.851758521985558787e-04
1.949557244513583449e-05 -3.091807847474218208e-03 3.755423286592877389e-03 2.863176038818498158e-03 2.179103697861681634e-04 1.088070841227382657e-04
-2.896228937340797577e-04 -2.660243117654292194e-03 2.863176038818498158e-03 2.433020579758831368e-03 8.868115401535149513e-04 2.662674142876463338e-04
-1.152092969327278126e-03 1.300917343588532584e-03 2.179103697861681634e-04 8.868115401535149513e-04 3.240671670226517170e-03 -6.857522599288317982e-05
-2.928378671501886250e-04 1.851758521985558787e-04 1.088070841227382657e-04 2.662674142876463338e-04 -6.857522599288317982e-05 1.477816132436473966e-03
