# sigma8 ygk_Ahmc ygk_LOWZ__1_lM1_0 ygk_LOWZ__1_lMmin_0 ygk_mass_bias ygk_rhogy
2.665547597122840204e-03 -4.308911758038620927e-03 -1.988661688509887632e-03 -4.143083828582630988e-03 -7.559145114884087240e-03 -9.320559413405996464e-04
-4.308911758038620927e-03 2.696482257152074333e-02 -7.374110576552756618e-03 -3.434940766522281887e-03 1.113067776207264138e-02 1.100169975142467659e-03
-1.988661688509887632e-03 -7.374110576552756618e-03 1.703121894302291398e-02 1.669425116980596119e-02 6.514486905971346442e-03 7.606459516929927559e-04
-4.143083828582630988e-03 -3.434940766522281887e-03 1.669425116980596119e-02 1.845163037677565940e-02 1.251594373354809886e-02 1.519094484590101900e-03
-7.559145114884087240e-03 1.113067776207264138e-02 6.514486905971346442e-03 1.251594373354809886e-02 2.307192078142382072e-02 1.187549618403242442e-03
-9.320559413405996464e-04 1.100169975142467659e-03 7.606459516929927559e-04 1.519094484590101900e-03 1.187549618403242442e-03 2.548842193612581210e-03
