# sigma8 ygk_Ahmc ygk_LOWZ__2_lM1_0 ygk_LOWZ__2_lMmin_0 ygk_mass_bias ygk_rhogy
1.436041162220393899e-03 -1.554429153125626512e-03 -8.185269483329901284e-04 -1.884884659925717236e-03 -3.785963029390580076e-03 -5.270296529351741746e-04
-1.554429153125626512e-03 1.801319677046109638e-02 -3.819447865117420529e-03 -2.967770727821946158e-03 3.710384669727363575e-03 -1.712652698950561003e-04
-8.185269483329901284e-04 -3.819447865117420529e-03 7.471460803935215354e-03 6.933642447443586800e-03 2.378131293620819840e-03 7.117851149061761975e-04
-1.884884659925717236e-03 -2.967770727821946158e-03 6.933642447443586800e-03 7.484912242780064097e-03 5.154953568327185973e-03 1.069577152911074585e-03
-3.785963029390580076e-03 3.710384669727363575e-03 2.378131293620819840e-03 5.154953568327185973e-03 1.100505654324809499e-02 1.923208013177391343e-04
-5.270296529351741746e-04 -1.712652698950561003e-04 7.117851149061761975e-04 1.069577152911074585e-03 1.923208013177391343e-04 2.238539090991397036e-03
