# sigma8 ygk_Ahmc ygk_LOWZ__3_lM1_0 ygk_LOWZ__3_lMmin_0 ygk_mass_bias ygk_rhogy
1.053040739333240342e-03 -1.006002885558550299e-03 7.962538511039022205e-04 -2.883783030625724835e-04 -3.271141307634113475e-03 -3.642337433827001715e-04
-1.006002885558550299e-03 1.240705344678719874e-02 -3.482556914662900474e-03 -2.474877963123666650e-03 2.797120639219144358e-03 2.057716441533227693e-04
7.962538511039022205e-04 -3.482556914662900474e-03 3.536701815551040063e-03 1.999307086193792635e-03 -2.281911632573785202e-03 -2.408900328671178604e-04
-2.883783030625724835e-04 -2.474877963123666650e-03 1.999307086193792635e-03 1.829512755166511507e-03 1.051478960415087741e-03 1.470043471841618219e-04
-3.271141307634113475e-03 2.797120639219144358e-03 -2.281911632573785202e-03 1.051478960415087741e-03 1.095961920960230283e-02 3.304026096342510522e-04
-3.642337433827001715e-04 2.057716441533227693e-04 -2.408900328671178604e-04 1.470043471841618219e-04 3.304026096342510522e-04 1.343889333997717308e-03
