# sigma8 ygk_Ahmc ygk_LOWZ__3_lM1_0 ygk_LOWZ__3_lMmin_0 ygk_mass_bias ygk_rhogy
4.782743648576562355e-04 -6.195401611924460225e-04 1.114748015908089855e-05 -2.866596943790089710e-04 -1.118793175246689860e-03 -2.951202845080215867e-04
-6.195401611924460225e-04 1.306910998338385761e-02 -3.200694629103285112e-03 -2.776866528054053405e-03 1.081747028105236978e-03 2.562142385898823855e-04
1.114748015908089855e-05 -3.200694629103285112e-03 3.792317760678631539e-03 2.858366122337747343e-03 1.989872090397003419e-04 1.108601988424930547e-04
-2.866596943790089710e-04 -2.776866528054053405e-03 2.858366122337747343e-03 2.413202864604000082e-03 8.579645920786424214e-04 2.765274322146945261e-04
-1.118793175246689860e-03 1.081747028105236978e-03 1.989872090397003419e-04 8.579645920786424214e-04 3.146591687117295585e-03 2.265538808258933814e-05
-2.951202845080215867e-04 2.562142385898823855e-04 1.108601988424930547e-04 2.765274322146945261e-04 2.265538808258933814e-05 1.357926962638201758e-03
