# sigma8 ygk_Ahmc ygk_LOWZ__3_lM1_0 ygk_LOWZ__3_lMmin_0 ygk_mass_bias ygk_rhogy
4.394126080762176612e-04 -5.625661104929101982e-04 -2.142578577352265731e-05 -2.890534110577502283e-04 -1.014947027396532944e-03 -3.032835845879632182e-04
-5.625661104929101982e-04 1.273986070620361510e-02 -3.102743871691304028e-03 -2.709692048722079413e-03 1.008686583037918033e-03 1.345647976302654064e-04
-2.142578577352265731e-05 -3.102743871691304028e-03 3.757086931653939518e-03 2.847788632665813370e-03 2.555399169778211428e-04 1.686427208048643797e-04
-2.890534110577502283e-04 -2.709692048722079413e-03 2.847788632665813370e-03 2.401422994415616102e-03 8.327204075590571505e-04 3.386623790987404545e-04
-1.014947027396532944e-03 1.008686583037918033e-03 2.555399169778211428e-04 8.327204075590571505e-04 2.859371412918575942e-03 5.814617454141614620e-05
-3.032835845879632182e-04 1.345647976302654064e-04 1.686427208048643797e-04 3.386623790987404545e-04 5.814617454141614620e-05 1.345262022303369935e-03
