# sigma8 ygk_Ahmc ygk_LOWZ__3_lM1_0 ygk_LOWZ__3_lMmin_0 ygk_mass_bias ygk_rhogy
4.587813314430172484e-04 -6.009833658835304253e-04 -3.069263746275992113e-06 -2.839631026720803968e-04 -1.056831536879495768e-03 -3.218851799216839414e-04
-6.009833658835304253e-04 1.289082485848381046e-02 -3.197616838904302709e-03 -2.766784692820847564e-03 1.013795105298482017e-03 3.137804845329939083e-04
-3.069263746275992113e-06 -3.197616838904302709e-03 3.850001881791324451e-03 2.908583552500378522e-03 2.438193385645017017e-04 1.229499345186734285e-04
-2.839631026720803968e-04 -2.766784692820847564e-03 2.908583552500378522e-03 2.444591957291565761e-03 8.474831380583634647e-04 3.030304121276982646e-04
-1.056831536879495768e-03 1.013795105298482017e-03 2.438193385645017017e-04 8.474831380583634647e-04 2.944225443478894200e-03 1.042131757961581751e-04
-3.218851799216839414e-04 3.137804845329939083e-04 1.229499345186734285e-04 3.030304121276982646e-04 1.042131757961581751e-04 1.355553757693925407e-03
