# sigma8 ygk_Ahmcgg ygk_Ahmcgm ygk_Ahmcgy ygk_LOWZ__5_lM1_0 ygk_LOWZ__5_lMmin_0 ygk_mass_bias ygk_rhogy
1.859979156978556558e-03 -1.878816902388386620e-03 -5.506809937544112320e-03 1.131314434854323141e-03 -1.174094302177400382e-03 -2.631769288696540147e-03 -4.359837494136640547e-03 -8.115599088304312680e-04
-1.878816902388386620e-03 2.908607336626142445e-02 1.180331905294008596e-02 2.177090707424418972e-03 1.190477665359881802e-02 8.416068025902284297e-03 4.289216271371318855e-03 2.913517403882909338e-03
-5.506809937544112320e-03 1.180331905294008596e-02 1.140913667437412765e-01 4.751371273833551213e-03 5.544169270022389698e-03 8.836662020012249139e-03 1.315535545497291403e-02 6.854223617457106277e-04
1.131314434854323141e-03 2.177090707424418972e-03 4.751371273833551213e-03 1.787926906092504320e-01 6.788725608185644002e-04 -7.931284853636008051e-04 -1.999612927831319158e-03 -2.349280497371052795e-02
-1.174094302177400382e-03 1.190477665359881802e-02 5.544169270022389698e-03 6.788725608185644002e-04 1.841760907417900120e-02 1.416276185575577468e-02 2.617035488886798860e-03 1.623485611322666783e-03
-2.631769288696540147e-03 8.416068025902284297e-03 8.836662020012249139e-03 -7.931284853636008051e-04 1.416276185575577468e-02 1.276931393127577093e-02 6.053707936022981531e-03 1.800371407948964152e-03
-4.359837494136641414e-03 4.289216271371318855e-03 1.315535545497291403e-02 -1.999612927831320025e-03 2.617035488886798426e-03 6.053707936022981531e-03 1.106232994296966164e-02 8.173725987074241528e-04
-8.115599088304312680e-04 2.913517403882909338e-03 6.854223617457108446e-04 -2.349280497371052795e-02 1.623485611322666783e-03 1.800371407948964152e-03 8.173725987074241528e-04 5.386528976898672001e-03
