# sigma8 ygk_Ahmc ygk_LOWZ__3_lM1_0 ygk_LOWZ__3_lMmin_0 ygk_mass_bias ygk_rhogy
1.364436209134449463e-03 -1.560642761061247332e-03 5.177396937878552072e-04 -5.387048001131539924e-04 -4.198978293077200441e-03 -3.947976449041586751e-04
-1.560642761061247332e-03 1.385327071237547024e-02 -3.576511498944134372e-03 -2.348322045380697373e-03 4.396232230629101671e-03 3.358967572693933212e-04
5.177396937878552072e-04 -3.576511498944134372e-03 3.870407087036238213e-03 2.556735170308334793e-03 -1.434072033544736427e-03 -7.508790061473180654e-05
-5.387048001131539924e-04 -2.348322045380697373e-03 2.556735170308334793e-03 2.364419944059472072e-03 1.785222698421473587e-03 2.329645624475767138e-04
-4.198978293077200441e-03 4.396232230629101671e-03 -1.434072033544736427e-03 1.785222698421473587e-03 1.380920808617435228e-02 3.196880178800485086e-04
-3.947976449041586751e-04 3.358967572693933212e-04 -7.508790061473180654e-05 2.329645624475767138e-04 3.196880178800485086e-04 1.588789015657620339e-03
