# sigma8 ygk_Ahmc ygk_LOWZ__3_lM1_0 ygk_LOWZ__3_lMmin_0 ygk_mass_bias ygk_rhogy
1.153582743152897078e-03 -1.180866057610452900e-03 4.228003213196120081e-04 -4.644612691566990959e-04 -3.644278454106513170e-03 -3.167913283577902545e-04
-1.180866057610452900e-03 1.277967241629052696e-02 -3.388406204489561625e-03 -2.436973959249806154e-03 3.416537072755044917e-03 1.143883225413431788e-04
4.228003213196120081e-04 -3.388406204489561625e-03 3.795606282720493697e-03 2.556891956159052046e-03 -1.124147977667235183e-03 -4.824422367419749821e-05
-4.644612691566990959e-04 -2.436973959249806154e-03 2.556891956159052046e-03 2.303620747849134329e-03 1.626581284286538311e-03 2.040479927084273761e-04
-3.644278454106513170e-03 3.416537072755044917e-03 -1.124147977667235183e-03 1.626581284286538311e-03 1.232470286209819826e-02 1.610082894438549794e-04
-3.167913283577902545e-04 1.143883225413431788e-04 -4.824422367419749821e-05 2.040479927084273761e-04 1.610082894438549794e-04 1.486617048426531638e-03
