# sigma8 ygk_Ahmc ygk_LOWZ__0_lM1_0 ygk_LOWZ__0_lMmin_0 ygk_mass_bias ygk_rhogy
5.323368660653109673e-03 -2.701336935597883383e-03 -2.661709047141433068e-03 -6.079550100493965985e-03 -4.151075087562773602e-03 -1.715944605965513681e-02
-2.701336935597883383e-03 1.806644307420858242e-01 1.250293364314445169e-02 -2.816768206762501961e-03 1.973609003946544781e-03 1.635601098173285195e-02
-2.661709047141433068e-03 1.250293364314445169e-02 6.556117208197947965e-02 5.228817648216832481e-02 6.341896089616279319e-03 1.457413291324544981e-02
-6.079550100493965985e-03 -2.816768206762501961e-03 5.228817648216832481e-02 4.641062955569773968e-02 8.040675964390762293e-03 2.447284107031108893e-02
-4.151075087562773602e-03 1.973609003946544781e-03 6.341896089616279319e-03 8.040675964390762293e-03 9.660079854319703757e-03 2.600005091264284934e-04
-1.715944605965513681e-02 1.635601098173285195e-02 1.457413291324544981e-02 2.447284107031108893e-02 2.600005091264284934e-04 1.014530171898856414e-01
